vertices
81,7853322174303 -71,7854028862104 -55,6745641385613 
-7,52792108670489 15,861818336356 -120,96848700652 
112,436602299768 29,2394783078254 38,0092764603571 
23,1233489956325 116,886699530392 -27,2846464076013 
-23,1233489956325 -116,886699530392 27,2846464076013 
-112,436602299768 -29,2394783078254 -38,0092764603571 
7,52792108670489 -15,861818336356 120,96848700652 
-81,7853322174303 71,7854028862104 55,6745641385613 
faces
4 2 1 3 
5 1 2 6 
7 3 1 5 
6 2 4 8 
8 4 3 7 
7 5 6 8 
tex_vertices
0,25 0    
0,5  0    
0    0,333333 
0,25 0,333333 
0,5  0,333333 
0,75 0,333333 
1    0,333333 
0    0,666666 
0,25 0,666666 
0,5  0,666666 
0,75 0,666666 
1    0,666666 
0,25 1    
0,5  1    
tex_faces
3 4 9 8 
10 9 4 5 
14 13 9 10 
5 4 1 2 
6 7 12 11 
11 10 5 6 
texture
data/textures/dice.jpg
color
255 0 128 0 