vertices
50,9164460225817 -23,8519852031488 -24,0663214184935 
47,9726439823761 -15,3740500449705 -31,4824168789843 
43,2747699874111 -6,94289050663871 -37,9928205257588 
36,9579733191241 1,19894430250223 -43,4102398993614 
29,2039767166989 8,81722861879464 -47,5788257078842 
20,2358485447213 15,6927982730342 -50,3786553273412 
10,3115855224692 21,6278556445865 -51,7291827572174 
-0,283309371967446 26,4516599388038 -51,5915557822544 
-11,2440403025522 30,0254390888198 -49,9697336799451 
-22,2552869965648 32,2463819752519 -46,9103733193289 
-33,0002759347449 33,050596114918 -42,5014869278173 
-43,169893348693 32,4149457312488 -36,8699101396549 
-52,4715778611859 30,3577173284568 -30,177653165651 
-60,6377369443332 26,9380936221041 -22,6172400543861 
-67,4334450694015 22,254450960129 -14,4061701258619 
-72,663202086547 16,4415292144301 -5,78066091206454 
-76,1765574081812 9,6665555600709 3,01114739135009 
-77,8724381984506 2,12443365392398 11,7163304666978 
-77,7020570547014 -5,96786338867761 20,0844560463879 
-75,6703155322272 -14,3775349154264 27,8747883933003 
-71,8356631354471 -22,8626499879481 34,8632138296371 
-66,3084158320824 -31,1791072944166 40,8486880793888 
-59,2475824636172 -39,0876574998604 45,6590199461157 
-50,8562903504351 -46,36078601393 49,1558249401612 
-41,3759416886452 -52,7892581714274 51,2385063484634 
-31,0792688484201 -58,1881385326711 51,847149218834 
-20,2624883602678 -62,4021111393849 50,9642440040458 
-9,23677930476993 -65,3099476720343 48,6151902796266 
1,68066874300489 -66,8279949678596 44,8675660443167 
12,1757806800698 -66,9125815700616 39,8291836240836 
21,9466312443975 -65,5612740761015 33,6449881077978 
30,7121308549952 -62,8129471422611 26,4928875409263 
38,2201120473711 -58,7466651305607 18,5786348349812 
44,2545838723673 -53,479407571016 10,1299086308691 
48,6419455625141 -47,1627038735433 1,38976339892499 
51,255980710035 -39,9782741027255 -7,39036279567025 
52,0214882830979 -32,1328012224106 -15,9578817082337 
48,6432332432201 -36,9830670300474 -37,6484767682283 
45,5297611642301 -28,0164945357118 -45,4920089881294 
40,5611188050735 -19,0993936377609 -52,3776486134664 
33,8802449600387 -10,4882930937041 -58,107308328871 
25,6793362058112 -2,43091858800257 -62,5161562562961 
16,1943177558931 4,84093388483943 -65,477357868039 
5,69805632175878 11,1180663690067 -66,9057247851758 
-5,5074897656267 16,2198971916762 -66,7601654921219 
-17,0999573472157 19,9996559689595 -65,0448674647191 
-28,7458522370384 22,3486059226239 -61,8091767041806 
-40,1101432427423 23,1991720392248 -57,1461781424797 
-50,8659004030056 22,5268850802093 -51,1900177583366 
-60,7037001672854 20,3510855173587 -44,1120434416489 
-69,3405269480002 16,7343671426277 -36,1158756266726 
-76,5279149637 11,7807763587149 -27,4315495028582 
-82,0590961472173 5,63281895349345 -18,3088973212753 
-85,7749484864987 -1,5326395320464 -9,01036117561686 
-87,5685736751784 -9,50946190339309 0,196556979008605 
-87,3883723822231 -18,0681695042868 9,04699087028619 
-85,2395286707396 -26,9625438998497 17,2863296291083 
-81,1838608619173 -35,9367101326679 24,6775424807099 
-75,3380431344802 -44,7324977794468 31,0079976884978 
-67,8702490209932 -53,0968680440387 36,0955795819747 
-58,9953133615228 -60,7891932229019 39,7939276930024 
-48,9685518964373 -67,5881791260218 41,996647279992 
-38,0784162974085 -73,2982313078479 42,6403701109073 
-26,6381959380004 -77,7550819633751 41,706577451926 
-14,9770051287966 -80,8305156138114 39,2221328176951 
-3,4303150979011 -82,4360576324617 35,2585091569244 
7,66969690550285 -82,5255194986523 29,9297327057828 
18,0037037458182 -81,0963275573759 23,3891026606908 
27,2744148613281 -78,1895970586597 15,8247810395507 
35,2151287723805 -73,8889493466809 7,45437960307677 
41,5974055973759 -68,3181062259435 -1,48130043935507 
46,2376388522413 -61,6373307102226 -10,7251958420758 
49,0023374746856 -54,0388165474482 -20,011376564667 
49,8119661190153 -45,7411591555033 -29,0726960950465 
54,1309023915582 -48,6335125102458 -51,6563444739355 
50,5377576873244 -38,2855178419905 -60,7082792732245 
44,803628545615 -27,9946165408991 -68,6547451246439 
37,0934754217343 -18,0568591008069 -75,2671366737423 
27,6291053832159 -8,75813670963618 -80,3552274548032 
16,6827911243328 -0,365956680439556 -83,7726423599189 
4,56943817640881 6,87825324694671 -85,4210685843411 
-8,36247435097042 12,7660903424115 -85,253083906875 
-21,7409188794661 17,1281722526763 -83,2735209408424 
-35,181021918066 19,8390098232053 -79,539328108595 
-48,2961361726836 20,820617192704 -74,1579313390886 
-60,708963684842 20,0447553043599 -67,2841436194977 
-72,0624100069947 17,5337442920926 -59,1157113074409 
-82,0298571596208 13,3598213709385 -49,8876253283089 
-90,3245598358247 7,64306270389723 -39,8653609141874 
-96,7078945417393 0,547929029343024 -29,3372403647799 
-100,996224359983 -7,72146557498448 -18,606138539792 
-103,066181849429 -16,9272256823677 -7,98076970066061 
-102,858218101866 -26,8045183354023 2,23319363667273 
-100,378315855674 -37,0691918080021 11,7419143435092 
-95,6978173833295 -47,4259501332043 20,2718438375973 
-88,9513721041188 -57,5768482304952 27,5775915777957 
-80,3330629655034 -67,2298632433095 33,4489845031603 
-70,090823030085 -76,1072955049286 37,7171133292466 
-58,5193028928065 -83,9537574522861 40,2591917606905 
-45,9513941198038 -90,5435206611736 41,0020888293702 
-32,7486525641419 -95,6870096420233 39,9244327392088 
-19,2908970622066 -99,2362555815829 37,057225693837 
-5,9652827373145 -101,089153136267 32,4829520196392 
6,84483674829207 -101,19239781699 26,333205241863 
18,770937580338 -99,5430194622632 18,7849023784893 
29,4699275516825 -96,1884676843379 10,055194359737 
38,634016200452 -91,2252468302474 0,39521899116606 
45,9995693812357 -84,7961397274505 -9,91712382374254 
51,3546935394512 -77,0861000818487 -20,5851667578392 
54,5453315031167 -68,3169316964124 -31,3020096391667 
55,4796944271976 -58,7409075796056 -41,7593484101361 
66,4305856179392 -56,7888537792431 -63,6678369518152 
62,1307054565961 -44,4055125430032 -74,5001963665008 
55,2687307329052 -32,0904943655375 -84,009652199729 
46,0420679661013 -20,1980798979147 -91,9226347210005 
34,7161514450427 -9,07039225190362 -98,0115018303094 
21,6168071669959 0,972445259049785 -102,101087906893 
7,12087941692421 9,64151848470366 -104,073743005219 
-8,35461035647198 16,6874339720978 -103,872717429713 
-24,3644604885654 21,907493561126 -101,503794320175 
-40,4480967401165 25,1515256415504 -97,0351232813799 
-56,1428221795709 26,3262053168115 -90,5952598430243 
-70,9971281313502 25,3977391913861 -82,3694671512 
-84,5836832583886 22,3928375452485 -72,5943862849878 
-96,5116271066597 17,3979459277475 -61,5512285234638 
-106,437814448801 10,5567582765423 -49,5576854092001 
-114,076686947544 2,06608310463916 -36,9587893410052 
-119,208488149159 -7,82981832219976 -24,1169876200088 
-121,685585476524 -18,8462589373466 -11,4017155007143 
-121,436717349568 -30,6663158018866 0,821231788643809 
-118,469043251192 -42,9499474005502 12,2002223088148 
-112,867937761976 -55,3437760169957 22,4079032202092 
-104,794534488937 -67,4912537673149 31,1506181280841 
-94,4810905450314 -79,0429198334881 38,1768550423609 
-82,2243049348863 -89,6664538148571 43,2844819196532 
-68,3767830646318 -99,0562359809975 46,3265616341342 
-53,3368929263557 -106,942139394923 47,2155790911188 
-37,5373047762768 -113,097300973242 45,9259588769996 
-21,4325439992354 -117,344647924023 42,4948010173311 
-5,4859152409227 -119,561991808615 37,0208136766427 
9,84382602323847 -119,685543680567 29,6614735042623 
24,1156710478678 -117,711749177473 20,6284953178324 
36,9190448362896 -113,697390773509 10,1817414534746 
47,8856176356549 -107,757954251033 -1,3782540004906 
56,699901113315 -100,064306384891 -13,7189310220832 
63,1083243817428 -90,8377794164037 -26,485270802006 
66,9265287712928 -80,3438037277581 -39,3100089884071 
68,0446714934648 -68,8842718931833 -51,8242012136056 
83,4155559534075 -60,0389582426802 -71,6060580314587 
78,3040784841137 -45,3182759565382 -84,4830125068976 
70,1469141262929 -30,6788126259144 -95,787366910488 
59,1787296468077 -16,5417189568271 -105,193915547825 
45,7150597434096 -3,31369339479434 -112,432049141073 
30,1432296859775 8,62471784896979 -117,29353976519 
12,9112126737039 18,9300684191928 -119,638531186214 
-5,48525753822232 27,3058921428739 -119,399562270478 
-24,5169479961731 33,5112318213067 -116,583507718597 
-43,6363516165849 37,3675711299762 -111,271380292852 
-62,2934379679089 38,7639702081913 -103,616000227515 
-79,9514766446891 37,660257196889 -93,8375988689504 
-96,1024780241048 34,0881839098795 -82,217483020754 
-110,281807202524 28,1505123919724 -69,0899422591865 
-122,081550695724 20,0180586420466 -54,8326320307048 
-131,162251367143 9,92477854776631 -39,8557091923631 
-137,262673991656 -1,83896259934494 -24,5900325458056 
-140,207320517366 -14,9347433846744 -9,4747678140062 
-139,911478825034 -28,985822038456 5,05524635699433 
-136,383659741509 -43,5879746105551 18,5820079142265 
-129,725352198742 -58,3211237575447 30,7163765558017 
-120,128103581987 -72,7614236030431 41,109268588891 
-107,868009260281 -86,4934530118828 49,4616994319934 
-93,2977698253639 -99,1221664998146 55,5333848569854 
-76,8365445378086 -110,284258972832 59,1496535288797 
-58,9578928782611 -119,658617353256 60,2064719821098 
-40,1761511033871 -126,975558418333 58,6734374739208 
-21,0316357282191 -132,024587095543 54,5946526159244 
-2,07509960376883 -134,660452022585 48,0874566222602 
16,1481122397415 -134,807324164616 39,339049674044 
33,1137511764924 -132,460978277519 28,6011075109916 
48,3337466635346 -127,688914460484 16,1825411786118 
61,3702471416821 -120,628416301053 2,44061021986054 
71,8482162276751 -111,482601476255 -12,2293550314498 
79,4662218280999 -100,514578426858 -27,4053263845774 
84,0051077919001 -88,0398772065633 -42,6507187745142 
85,3342986338262 -74,417372256847 -57,5269500194179 
102,148957723349 -57,8218533125567 -74,098417171721 
96,2613536429384 -40,8659829962 -88,9306080927026 
86,8656056530084 -24,0036639195365 -101,951415386252 
74,2320123164344 -7,71999430125461 -112,786254133457 
58,724019111584 7,51657433133022 -121,123425750503 
40,7877627676288 21,2677136398093 -126,723084989416 
20,9392367231245 33,1378283829139 -129,424139849169 
-0,250553065748772 42,7854369713485 -129,148885899243 
-22,1720149269183 49,9329952713805 -125,905241694624 
-44,1945083149435 54,3748810442447 -119,786520973392 
-65,6844861913036 55,9833093235769 -110,968748190369 
-86,0237210191999 54,7120085562386 -99,7055946140438 
-104,627090044186 50,5975517506546 -86,321080666036 
-120,95940821048 43,7583043379491 -71,2002544435063 
-134,550824460617 34,391019013999 -54,7781145864578 
-145,010338494908 22,765175522601 -37,5270961588631 
-152,037049138176 9,21522821388274 -19,9434795520339 
-155,428810718715 -5,8690155984111 -2,53311340133836 
-155,088048431217 -22,0536096836143 14,2031377580417 
-151,024565386268 -38,8729527371118 29,7838024518667 
-143,355260592708 -55,8431828821554 43,7606533245402 
-132,300765985979 -72,4760974950924 55,7316018240436 
-118,179099249048 -88,2931979059799 65,3522655574974 
-101,396515022684 -102,839454934119 72,3458755455884 
-82,4358176991042 -115,696399249114 76,5112383621928 
-61,8424720186541 -126,494159971601 77,7285241029341 
-40,2089110423495 -134,922105185029 75,9627136733575 
-18,1574929313537 -140,737778250328 71,2646062245192 
3,67740316419592 -143,773872841978 63,7693577538993 
24,6676270383256 -143,943046046382 53,6925929134332 
44,2093281669811 -141,240431058462 41,3242018808616 
61,7403273881766 -135,743777190781 27,0200007471186 
76,7562897729283 -127,611213167381 11,1914953352285 
88,8252334229208 -117,076698048291 -5,70595707299592 
97,5999568032143 -104,443290653346 -23,186247536884 
102,828027098256 -90,0744311117101 -40,7464999260745 
104,359042244382 -74,3834853510804 -57,8815377512015 
119,39161557413 -50,5208965730569 -70,7139628348788 
112,897554921386 -31,818475562643 -87,0739534419927 
102,533991663538 -13,2192420995588 -101,435977646938 
88,5990666466231 4,74173773300178 -113,386866162209 
71,4936622921228 21,5477592467296 -122,582813684151 
51,709869939585 36,7153438013211 -128,759269545576 
29,8168332747322 49,8081476046924 -131,738548356796 
6,44437510186075 60,4495145294283 -131,434941690771 
-17,7351215115234 68,3333118237922 -127,857183758508 
-42,0260564713518 73,2327369936189 -121,108200141711 
-65,7296238052242 75,0068424971333 -111,38214681119 
-88,1639150379214 73,6045905491052 -98,9588246130858 
-108,68353645669 69,0663213850055 -84,1956299079504 
-126,698175913293 61,5225927458797 -67,51727292817 
-141,689585029735 51,1904239698431 -49,4035596378448 
-153,226488260525 38,36705274085 -30,3755885887827 
-160,976989904902 23,4213841017054 -10,9807598639256 
-164,718122141859 6,78337772764687 8,22297262638838 
-164,342259408401 -11,0683212306857 26,6831524625604 
-159,860214591038 -29,6201518967675 43,8687138810686 
-151,400927958728 -48,3384118795685 59,2852595695755 
-139,207757786096 -66,6846109196339 72,489283577457 
-123,631479378962 -84,1309622734211 83,100930174512 
-105,120193907439 -100,175566176974 90,8149216087198 
-84,2064373511311 -114,356848588324 95,4093403913471 
-61,491860408582 -126,266839832292 96,7520134590548 
-37,6299201021024 -135,562911145257 94,8043145522836 
-13,3070810089849 -141,977631480858 89,6222754224151 
10,7769330745434 -145,326461014291 81,3549739003005 
33,9292689129534 -145,51306001708 70,2402451984931 
55,4838759575257 -142,532060375653 56,5978398252083 
74,8206674079623 -136,469220022202 40,8202249443706 
91,3833589806418 -127,498955835111 23,3612938098705 
104,695472194635 -115,879325982922 4,72330808305176 
114,374041790078 -101,944606060676 -14,5575513208203 
120,140632941438 -86,0956725896565 -33,9266091812685 
121,829351320497 -68,7884705297434 -52,8266529688027 
132,162117318719 -39,3984897715502 -62,0378979225746 
125,336131983269 -19,7401498851537 -79,2340810110538 
114,442865873844 -0,190271672051939 -94,3301775602787 
99,7956984230932 18,6887304659377 -106,891900357922 
81,8160019705444 36,353742010218 -116,557871510166 
61,0210196475864 52,2965727412656 -123,050018625752 
38,0089852343214 66,0585764459871 -126,181574452384 
13,4419130629136 77,2438453342146 -125,862449830542 
-11,9734469294213 85,5305995850018 -122,101825394566 
-37,5059411093332 90,6804443662088 -115,007887462527 
-62,4210461061614 92,5452280197793 -104,784715712831 
-86,0019997119643 91,0713041152031 -91,7264121834345 
-107,570420825238 86,3010747596482 -76,2086404916841 
-126,505825240077 78,3717707665393 -58,6778186760159 
-142,263475847073 67,5115037749106 -39,6382765617798 
-154,390053728143 54,0327038928731 -19,6377471103954 
-162,536699316455 38,3231316522438 0,74839086069329 
-166,469048450992 20,8347228440392 20,9336652790062 
-166,073974606764 2,07058714860592 40,3373825507649 
-161,362843338961 -17,4294654138745 58,40133305832 
-152,471185316622 -37,1044538348357 74,6058498345211 
-139,654797352048 -56,3883645195681 88,4847584352064 
-123,282383592243 -74,7264344677995 99,6387879291994 
-103,824948571895 -91,5911107951594 107,747057196048 
-81,8422472704791 -106,497227469148 112,576306091635 
-57,9666819806327 -119,015962652554 113,987605917823 
-32,8851092456118 -128,787175126954 111,940356148163 
-7,3190802470992 -135,529764899861 106,493452431107 
17,9959169085701 -139,049759939711 97,8035922694437 
42,3316158441267 -139,245896398047 86,120767118435 
64,98792280909 -136,112531786066 71,7810705868095 
85,3130571023124 -129,739807298753 55,1970296355622 
102,722301616057 -120,311054616818 36,8457369283729 
116,714824082595 -108,097521788033 17,2551257443131 
126,888085106685 -93,450569914759 -3,01121770138771 
132,949418491074 -76,7915651347521 -23,3702676066354 
134,724450710135 -58,5997566845592 -43,2363311732848 
138,252327189113 -26,3777980879106 -49,570392877721 
131,426341853662 -6,71945820151404 -66,7665759662002 
120,533075744237 12,8304200115877 -81,8626725154251 
105,885908293487 31,7094221495774 -94,4243953130684 
87,9062118409379 49,3744336938576 -104,090366465313 
67,1112295179798 65,3172644249052 -110,582513580898 
44,0991951047148 79,0792681296267 -113,714069407531 
19,5321229333071 90,2645370178542 -113,394944785688 
-5,8832370590278 98,5512912686414 -109,634320349712 
-31,4157312389397 103,701136049848 -102,540382417674 
-56,3308362357679 105,565919703419 -92,3172106679778 
-79,9117898415709 104,091995798843 -79,2589071385809 
-101,480210954844 99,3217664432878 -63,7411354468304 
-120,415615369684 91,3924624501789 -46,2103136311623 
-136,173265976679 80,5321954585502 -27,1707715169262 
-148,29984385775 67,0533955765127 -7,17024206554181 
-156,446489446061 51,3438233358834 13,2158959055469 
-160,378838580599 33,8554145276789 33,4011703238598 
-159,983764736371 15,0912788322455 52,8048875956185 
-155,272633468568 -4,40877373023484 70,8688381031736 
-146,380975446229 -24,0837621511961 87,0733548793748 
-133,564587481655 -43,3676728359285 100,95226348006 
-117,192173721849 -61,7057427841599 112,106292974053 
-97,7347387015019 -78,5704191115197 120,214562240902 
-75,7520374000857 -93,4765357855088 125,043811136488 
-51,8764721102392 -105,995270968915 126,455110962677 
-26,7948993752183 -115,766483443314 124,407861193016 
-1,22887037670574 -122,509073216221 118,960957475961 
24,0861267789636 -126,029068256072 110,271097314297 
48,4218257145201 -126,225204714407 98,5882721632886 
71,0781326794835 -123,091840102426 84,2485756316631 
91,4032669727059 -116,719115615114 67,6645346804158 
108,81251148645 -107,290362933178 49,3132419732265 
122,805033952988 -95,0768301043934 29,7226307891667 
132,978294977078 -80,4298782311194 9,45628734346591 
139,039628361467 -63,7708734511125 -10,9027625617818 
140,814660580529 -45,5790650009196 -30,7688261284312 
136,609192570899 -13,7102174035098 -35,4671925863008 
130,115131918155 4,99220360690419 -51,8271831934147 
119,751568660308 23,5914370699884 -66,1892073983597 
105,816643643393 41,5524169025489 -78,1400959136312 
88,7112392888924 58,3584384162767 -87,3360434355727 
68,9274469363546 73,5260229708683 -93,5124992969976 
47,0344102715018 86,6188267742396 -96,4917781082175 
23,6619520986304 97,2601936989754 -96,1881714421928 
-0,517544514753761 105,143990993339 -92,61041350993 
-24,8084794745822 110,043416163166 -85,8614298931326 
-48,5120468084546 111,81752166668 -76,1353765626124 
-70,9463380411518 110,415269718652 -63,7120543645077 
-91,4659594599204 105,877000554553 -48,9488596593723 
-109,480598916523 98,3332719154268 -32,2705026795919 
-124,472008032965 88,0011031393902 -14,1567893892667 
-136,008911263756 75,1777319103971 4,87118165979536 
-143,759412908133 60,2320632712525 24,2660103846525 
-147,50054514509 43,594056897194 43,4697428749665 
-147,124682411632 25,7423579388615 61,9299227111384 
-142,642637594269 7,19052727277967 79,1154841296467 
-134,183350961958 -11,5277327100214 94,5320298181536 
-121,990180789327 -29,8739317500867 107,736053826035 
-106,413902382193 -47,320283103874 118,34770042309 
-87,9026169106698 -63,3648870074269 126,061691857298 
-66,9888603543615 -77,5461694187769 130,656110639925 
-44,2742834118124 -89,4561606627452 131,998783707633 
-20,4123431053328 -98,7522319757096 130,051084800862 
3,91049598778469 -105,16695231131 124,869045670993 
27,994510071313 -108,515781844744 116,601744148879 
51,146845909723 -108,702380847533 105,487015447071 
72,7014529542953 -105,721381206106 91,8446100737864 
92,0382444047319 -99,6585408526552 76,0669951929487 
108,600935977411 -90,6882766655634 58,6080640584486 
121,913049191404 -79,0686468133744 39,9700783316298 
131,591618786848 -65,133926891129 20,6892189277578 
137,358209938208 -49,2849934201094 1,32016106730958 
139,046928317266 -31,9777913601963 -17,5798827202247 
127,516826366977 -3,58608750003853 -22,1668685022529 
121,629222286566 13,3697828163182 -36,9990594232344 
112,233474296636 30,2321018929817 -50,0198667167835 
99,5998809600621 46,5157715112636 -60,8547054639888 
84,0918877552117 61,7523401438484 -69,1918770810345 
66,1556314112565 75,5034794523275 -74,7915363199483 
46,3071053667523 87,3735941954321 -77,4925911797007 
25,117315577879 97,0212027838667 -77,2173372297747 
3,19585371670942 104,168761083899 -73,9736930251561 
-18,8266396713158 108,610646856763 -67,8549723039237 
-40,3166175476759 110,219075136095 -59,0371995209005 
-60,6558523755722 108,947774368757 -47,7740459445757 
-79,2592214005578 104,833317563173 -34,3895319965679 
-95,5915395668526 97,9940701504672 -19,2687057740382 
-109,182955816989 88,6267848265172 -2,84656591698972 
-119,64246985128 77,0009413351192 14,404452510605 
-126,669180494549 63,4509940264009 31,9880691174342 
-130,060942075087 48,3667502141071 49,3984352681298 
-129,720179787589 32,1821561289039 66,1346864275098 
-125,656696742641 15,3628130754064 81,7153511213347 
-117,98739194908 -1,60741706963719 95,6922019940083 
-106,932897342351 -18,2403316825742 107,663150493512 
-92,8112306054205 -34,0574320934618 117,283814226965 
-76,0286463790562 -48,6036891216009 124,277424215056 
-57,0679490554765 -61,4606334365957 128,442787031661 
-36,4746033750264 -72,258394159083 129,660072772402 
-14,8410423987217 -80,6863393725107 127,894262342826 
7,21037571227402 -86,5020124378095 123,196154893987 
29,0452718078237 -89,5381070294601 115,700906423367 
50,0354956819534 -89,7072802338642 105,624141582901 
69,5771968106088 -87,004665245944 93,2557505503297 
87,1081960318043 -81,5080113782631 78,9515494165867 
102,124158416556 -73,3754473548624 63,1230440046966 
114,193102066549 -62,8409322357729 46,2255915964722 
122,967825446842 -50,2075248408275 28,7453011325841 
128,195895741884 -35,8386652991919 11,1850487433936 
129,72691088801 -20,1477195385622 -5,94998908173342 
112,547381295559 2,24403758736037 -11,9691674893603 
107,435903826265 16,9647198735024 -24,8461219647991 
99,2787394684439 31,6041832041262 -36,1504763683896 
88,3105549889586 45,7412768732134 -45,5570250057267 
74,8468850855606 58,9693024352462 -52,7951585989743 
59,2750550281285 70,9077136790103 -57,6566492230913 
42,0430380158549 81,2130642492333 -60,0016406441154 
23,6465678039287 89,5888879729145 -59,7626717283791 
4,61487734597788 95,7942276513473 -56,9466171764983 
-14,5045262744339 99,6505669600168 -51,6344897507532 
-33,1616126257579 101,046966038232 -43,9791096854162 
-50,8196513025381 99,9432530269296 -34,200708326852 
-66,9706526819538 96,37117973992 -22,5805924786556 
-81,1499818603731 90,4335082220129 -9,45305171708804 
-92,9497253535728 82,3010544720872 4,80425851139359 
-102,030426024992 72,2077743778069 19,7811813497353 
-108,130848649505 60,4440332306956 35,0468579962928 
-111,075495175215 47,3482524453662 50,1621227280922 
-110,779653482883 33,2971737915845 64,6921368990927 
-107,251834399358 18,6950212194854 78,218898456325 
-100,593526856591 3,96187207249583 90,3532670979001 
-90,9962782398356 -10,4784277730025 100,746159130989 
-78,7361839181304 -24,2104571818422 109,098589974092 
-64,165944483213 -36,8391706697741 115,170275399084 
-47,7047191956576 -48,0012631427911 118,786544070978 
-29,8260675361101 -57,3756215232151 119,843362524208 
-11,0443257612361 -64,6925625882927 118,310328016019 
8,10018961393191 -69,7415912655025 114,231543158023 
27,0567257383822 -72,3774561925449 107,724347164359 
45,2799375818925 -72,5243283345758 98,9759402161424 
62,2455765186434 -70,1779824474784 88,23799805309 
77,4655720056857 -65,4059186304434 75,8194317207103 
90,5020724838331 -58,3454204710122 62,077500761959 
100,980041569826 -49,1996056462148 47,4075355106487 
108,598047170251 -38,2315825968177 32,2315641575211 
113,136933134051 -25,7568813765228 16,9861717675842 
114,466123975977 -12,1343764268064 2,10994052268054 
94,2892104026307 2,77207626605194 -6,63736469595732 
89,9893302412876 15,1554175022919 -17,4697241106429 
83,1273555175968 27,4704356797575 -26,9791799438711 
73,9006927507929 39,3628501473804 -34,8921624651427 
62,5747762297343 50,4905377933914 -40,9810295744515 
49,4754319516875 60,5333753043448 -45,0706156510354 
34,9795042016158 69,2024485299987 -47,0432707493615 
19,5040144282196 76,2483640173928 -46,8422451738552 
3,49416429612616 81,468423606421 -44,4733220643174 
-12,5894719554249 84,7124556868454 -40,004651025522 
-28,2841973948794 85,8871353621065 -33,5647875871664 
-43,1385033466587 84,9586692366811 -25,3389948953421 
-56,7250584736971 81,9537675905435 -15,5639140291299 
-68,6530023219681 76,9588759730425 -4,52075626760587 
-78,5791896641099 70,1176883218374 7,4727868466578 
-86,2180621628527 61,6270131499342 20,0716829148527 
-91,3498633644679 51,7311117230953 32,9134846358491 
-93,826960691832 40,7146711079484 45,6287567551436 
-93,5780925648764 28,8946142434084 57,8517040445017 
-90,6104184665006 16,6109826447448 69,2306945646726 
-85,0093129772843 4,21715402829932 79,4383754760671 
-76,935909704245 -7,93032372201988 88,181090383942 
-66,6224657603398 -19,4819897881931 95,2073272982188 
-54,3656801501948 -30,1055237695621 100,314954175511 
-40,5181582799402 -39,4953059357025 103,357033889992 
-25,4782681416642 -47,3812093496276 104,246051346977 
-9,67867999158519 -53,5363709279473 102,956431132857 
6,42608078545617 -57,7837178787276 99,5252732731891 
22,3727095437689 -60,0010617633198 94,0512859325006 
37,70245080793 -60,124613635272 86,6919457601202 
51,9742958325593 -58,1508191321784 77,6589675736903 
64,7776696209811 -54,1364607282144 67,2122137093324 
75,7442424203465 -48,1970242057382 55,6522182553673 
84,5585258980065 -40,5033763395964 43,3115412337747 
90,9669491664344 -31,2768493711087 30,5452014538519 
94,7851535559844 -20,782873682463 17,7204632674508 
95,9032962781563 -9,3233418478883 5,20627104225229 
75,8993173058563 -2,09327414859037 -7,09337726293117 
72,3061726016226 8,25472051966489 -16,1453120622202 
66,5720434599132 18,5456218207564 -24,0917779136396 
58,8618903360324 28,4833792608485 -30,7041694627381 
49,397520297514 37,7821016520192 -35,7922602437989 
38,4512060386309 46,1742816812159 -39,2096751489147 
26,3378530907069 53,4184916086021 -40,8581013733368 
13,4059405633277 59,3063287040669 -40,6901166958707 
0,0274960348320423 63,6684106143317 -38,7105537298381 
-13,4126070037679 66,3792481848607 -34,9763608975907 
-26,5277212583855 67,3608555543594 -29,5949641280844 
-38,9405487705439 66,5849936660153 -22,7211764084934 
-50,2939950926966 64,073982653748 -14,5527440964366 
-60,2614422453227 59,900059732594 -5,32465811730456 
-68,5561449215266 54,1833010655526 4,69760629681689 
-74,9394796274411 47,0881673909985 15,2257268462244 
-79,2278094456853 38,8187727866709 25,9568286712123 
-81,2977669351307 29,6130126792878 36,5821975103437 
-81,0898031875681 19,7357200262531 46,796160847677 
-78,6099009413762 9,47104655365333 56,3048815545135 
-73,9294024690313 -0,885711771548856 64,8348110486016 
-67,1829571898207 -11,0366098688398 72,1405587888 
-58,5646480512052 -20,6896248816541 78,0119517141646 
-48,3224081157869 -29,5670571432732 82,2800805402508 
-36,7508879785084 -37,4135190906307 84,8221589716948 
-24,1829792055057 -44,0032822995182 85,5650560403745 
-10,9802376498438 -49,1467712803679 84,4873999502131 
2,47751785209151 -52,6960172199275 81,6201929048413 
15,8031321769836 -54,5489147746116 77,0459192306435 
28,6132516625902 -54,6521594553341 70,8961724528673 
40,5393524946361 -53,0027811006078 63,3478695894937 
51,2383424659806 -49,6482293226825 54,6181615707413 
60,4024311147502 -44,685008468592 44,9581862021704 
67,7679842955338 -38,255901365795 34,6458433872618 
73,1231084537493 -30,5458617201933 23,9778004531651 
76,3137464174148 -21,7766933347569 13,2609575718376 
77,2481093414957 -12,2006692179502 2,80361880086818 
60,5574815886015 -11,510750369554 -13,2583564747079 
57,4440095096115 -2,54417787521835 -21,101888694609 
52,4753671504549 6,37292302273254 -27,9875283199461 
45,7944933054201 14,9840235667893 -33,7171880353507 
37,5935845511927 23,0413980724908 -38,1260359627758 
28,1085661012745 30,3132505453328 -41,0872375745186 
17,6123046671402 36,5903830295001 -42,5156044916555 
6,4067585797547 41,6922138521696 -42,3700451986016 
-5,18570900183428 45,4719726294529 -40,6547471711988 
-16,8316038916571 47,8209225831173 -37,4190564106603 
-28,1958948973609 48,6714886997182 -32,7560578489594 
-38,9516520576242 47,9992017407027 -26,7998974648162 
-48,789451821904 45,8234021778521 -19,7219231481286 
-57,4262786026189 42,2066838031212 -11,7257553331522 
-64,6136666183186 37,2530930192084 -3,04142920933785 
-70,144847801836 31,1051356139869 6,08122297224508 
-73,8607001411173 23,939677128447 15,3797591179035 
-75,654325329797 15,9628547571003 24,586677272529 
-75,4741240368417 7,40414715620656 33,4371111638065 
-73,3252803253582 -1,49022723935627 41,6764499226286 
-69,2696125165359 -10,4643934721745 49,0676627742302 
-63,4237947890988 -19,2601811189534 55,3981179820181 
-55,9560006756119 -27,6245513835453 60,4856998754951 
-47,0810650161415 -35,3168765624085 64,1840479865227 
-37,0543035510559 -42,1158624655284 66,3867675735123 
-26,1641679520271 -47,8259146473545 67,0304904044276 
-14,723947592619 -52,2827653028818 66,0966977454464 
-3,06275678341522 -55,358198953318 63,6122531112154 
8,4839332474803 -56,9637409719683 59,6486294504447 
19,5839452508842 -57,0532028381589 54,3198529993031 
29,9179520911996 -55,6240108968825 47,7792229542112 
39,1886632067095 -52,7172803981663 40,214901333071 
47,1293771177619 -48,4166326861875 31,8444998965971 
53,5116539427573 -42,8457895654501 22,9088198541653 
58,1518871976227 -36,1650140497292 13,6649244514446 
60,916585820067 -28,5664998869548 4,37874372885339 
61,7262144643966 -20,2688424950099 -4,68257580152612 
50,9164460225817 -23,8519852031488 -24,0663214184935 
47,9726439823761 -15,3740500449705 -31,4824168789842 
43,2747699874111 -6,9428905066387 -37,9928205257587 
36,9579733191241 1,19894430250224 -43,4102398993614 
29,2039767166989 8,81722861879465 -47,5788257078842 
20,2358485447213 15,6927982730342 -50,3786553273412 
10,3115855224692 21,6278556445865 -51,7291827572174 
-0,283309371967446 26,4516599388038 -51,5915557822544 
-11,2440403025522 30,0254390888198 -49,9697336799451 
-22,2552869965648 32,2463819752519 -46,9103733193289 
-33,0002759347449 33,050596114918 -42,5014869278173 
-43,169893348693 32,4149457312488 -36,8699101396549 
-52,4715778611858 30,3577173284569 -30,177653165651 
-60,6377369443332 26,9380936221041 -22,6172400543861 
-67,4334450694015 22,254450960129 -14,4061701258619 
-72,663202086547 16,4415292144301 -5,78066091206453 
-76,1765574081812 9,66655556007091 3,01114739135009 
-77,8724381984506 2,124433653924 11,7163304666978 
-77,7020570547014 -5,9678633886776 20,0844560463879 
-75,6703155322272 -14,3775349154263 27,8747883933004 
-71,8356631354471 -22,8626499879481 34,8632138296371 
-66,3084158320824 -31,1791072944166 40,8486880793888 
-59,2475824636172 -39,0876574998604 45,6590199461157 
-50,8562903504351 -46,36078601393 49,1558249401612 
-41,3759416886452 -52,7892581714274 51,2385063484634 
-31,0792688484201 -58,1881385326711 51,8471492188341 
-20,2624883602678 -62,4021111393849 50,9642440040458 
-9,23677930476992 -65,3099476720343 48,6151902796266 
1,6806687430049 -66,8279949678596 44,8675660443167 
12,1757806800698 -66,9125815700616 39,8291836240836 
21,9466312443975 -65,5612740761015 33,6449881077978 
30,7121308549952 -62,8129471422611 26,4928875409263 
38,2201120473711 -58,7466651305607 18,5786348349813 
44,2545838723673 -53,479407571016 10,1299086308691 
48,6419455625141 -47,1627038735433 1,389763398925 
51,255980710035 -39,9782741027255 -7,39036279567024 
52,0214882830979 -32,1328012224106 -15,9578817082337 
faces
1 38 2 
2 38 39 
2 39 3 
3 39 40 
3 40 4 
4 40 41 
4 41 5 
5 41 42 
5 42 6 
6 42 43 
6 43 7 
7 43 44 
7 44 8 
8 44 45 
8 45 9 
9 45 46 
9 46 10 
10 46 47 
10 47 11 
11 47 48 
11 48 12 
12 48 49 
12 49 13 
13 49 50 
13 50 14 
14 50 51 
14 51 15 
15 51 52 
15 52 16 
16 52 53 
16 53 17 
17 53 54 
17 54 18 
18 54 55 
18 55 19 
19 55 56 
19 56 20 
20 56 57 
20 57 21 
21 57 58 
21 58 22 
22 58 59 
22 59 23 
23 59 60 
23 60 24 
24 60 61 
24 61 25 
25 61 62 
25 62 26 
26 62 63 
26 63 27 
27 63 64 
27 64 28 
28 64 65 
28 65 29 
29 65 66 
29 66 30 
30 66 67 
30 67 31 
31 67 68 
31 68 32 
32 68 69 
32 69 33 
33 69 70 
33 70 34 
34 70 71 
34 71 35 
35 71 72 
35 72 36 
36 72 73 
36 73 37 
37 73 74 
37 74 1 
1 74 38 
38 75 39 
39 75 76 
39 76 40 
40 76 77 
40 77 41 
41 77 78 
41 78 42 
42 78 79 
42 79 43 
43 79 80 
43 80 44 
44 80 81 
44 81 45 
45 81 82 
45 82 46 
46 82 83 
46 83 47 
47 83 84 
47 84 48 
48 84 85 
48 85 49 
49 85 86 
49 86 50 
50 86 87 
50 87 51 
51 87 88 
51 88 52 
52 88 89 
52 89 53 
53 89 90 
53 90 54 
54 90 91 
54 91 55 
55 91 92 
55 92 56 
56 92 93 
56 93 57 
57 93 94 
57 94 58 
58 94 95 
58 95 59 
59 95 96 
59 96 60 
60 96 97 
60 97 61 
61 97 98 
61 98 62 
62 98 99 
62 99 63 
63 99 100 
63 100 64 
64 100 101 
64 101 65 
65 101 102 
65 102 66 
66 102 103 
66 103 67 
67 103 104 
67 104 68 
68 104 105 
68 105 69 
69 105 106 
69 106 70 
70 106 107 
70 107 71 
71 107 108 
71 108 72 
72 108 109 
72 109 73 
73 109 110 
73 110 74 
74 110 111 
74 111 38 
38 111 75 
75 112 76 
76 112 113 
76 113 77 
77 113 114 
77 114 78 
78 114 115 
78 115 79 
79 115 116 
79 116 80 
80 116 117 
80 117 81 
81 117 118 
81 118 82 
82 118 119 
82 119 83 
83 119 120 
83 120 84 
84 120 121 
84 121 85 
85 121 122 
85 122 86 
86 122 123 
86 123 87 
87 123 124 
87 124 88 
88 124 125 
88 125 89 
89 125 126 
89 126 90 
90 126 127 
90 127 91 
91 127 128 
91 128 92 
92 128 129 
92 129 93 
93 129 130 
93 130 94 
94 130 131 
94 131 95 
95 131 132 
95 132 96 
96 132 133 
96 133 97 
97 133 134 
97 134 98 
98 134 135 
98 135 99 
99 135 136 
99 136 100 
100 136 137 
100 137 101 
101 137 138 
101 138 102 
102 138 139 
102 139 103 
103 139 140 
103 140 104 
104 140 141 
104 141 105 
105 141 142 
105 142 106 
106 142 143 
106 143 107 
107 143 144 
107 144 108 
108 144 145 
108 145 109 
109 145 146 
109 146 110 
110 146 147 
110 147 111 
111 147 148 
111 148 75 
75 148 112 
112 149 113 
113 149 150 
113 150 114 
114 150 151 
114 151 115 
115 151 152 
115 152 116 
116 152 153 
116 153 117 
117 153 154 
117 154 118 
118 154 155 
118 155 119 
119 155 156 
119 156 120 
120 156 157 
120 157 121 
121 157 158 
121 158 122 
122 158 159 
122 159 123 
123 159 160 
123 160 124 
124 160 161 
124 161 125 
125 161 162 
125 162 126 
126 162 163 
126 163 127 
127 163 164 
127 164 128 
128 164 165 
128 165 129 
129 165 166 
129 166 130 
130 166 167 
130 167 131 
131 167 168 
131 168 132 
132 168 169 
132 169 133 
133 169 170 
133 170 134 
134 170 171 
134 171 135 
135 171 172 
135 172 136 
136 172 173 
136 173 137 
137 173 174 
137 174 138 
138 174 175 
138 175 139 
139 175 176 
139 176 140 
140 176 177 
140 177 141 
141 177 178 
141 178 142 
142 178 179 
142 179 143 
143 179 180 
143 180 144 
144 180 181 
144 181 145 
145 181 182 
145 182 146 
146 182 183 
146 183 147 
147 183 184 
147 184 148 
148 184 185 
148 185 112 
112 185 149 
149 186 150 
150 186 187 
150 187 151 
151 187 188 
151 188 152 
152 188 189 
152 189 153 
153 189 190 
153 190 154 
154 190 191 
154 191 155 
155 191 192 
155 192 156 
156 192 193 
156 193 157 
157 193 194 
157 194 158 
158 194 195 
158 195 159 
159 195 196 
159 196 160 
160 196 197 
160 197 161 
161 197 198 
161 198 162 
162 198 199 
162 199 163 
163 199 200 
163 200 164 
164 200 201 
164 201 165 
165 201 202 
165 202 166 
166 202 203 
166 203 167 
167 203 204 
167 204 168 
168 204 205 
168 205 169 
169 205 206 
169 206 170 
170 206 207 
170 207 171 
171 207 208 
171 208 172 
172 208 209 
172 209 173 
173 209 210 
173 210 174 
174 210 211 
174 211 175 
175 211 212 
175 212 176 
176 212 213 
176 213 177 
177 213 214 
177 214 178 
178 214 215 
178 215 179 
179 215 216 
179 216 180 
180 216 217 
180 217 181 
181 217 218 
181 218 182 
182 218 219 
182 219 183 
183 219 220 
183 220 184 
184 220 221 
184 221 185 
185 221 222 
185 222 149 
149 222 186 
186 223 187 
187 223 224 
187 224 188 
188 224 225 
188 225 189 
189 225 226 
189 226 190 
190 226 227 
190 227 191 
191 227 228 
191 228 192 
192 228 229 
192 229 193 
193 229 230 
193 230 194 
194 230 231 
194 231 195 
195 231 232 
195 232 196 
196 232 233 
196 233 197 
197 233 234 
197 234 198 
198 234 235 
198 235 199 
199 235 236 
199 236 200 
200 236 237 
200 237 201 
201 237 238 
201 238 202 
202 238 239 
202 239 203 
203 239 240 
203 240 204 
204 240 241 
204 241 205 
205 241 242 
205 242 206 
206 242 243 
206 243 207 
207 243 244 
207 244 208 
208 244 245 
208 245 209 
209 245 246 
209 246 210 
210 246 247 
210 247 211 
211 247 248 
211 248 212 
212 248 249 
212 249 213 
213 249 250 
213 250 214 
214 250 251 
214 251 215 
215 251 252 
215 252 216 
216 252 253 
216 253 217 
217 253 254 
217 254 218 
218 254 255 
218 255 219 
219 255 256 
219 256 220 
220 256 257 
220 257 221 
221 257 258 
221 258 222 
222 258 259 
222 259 186 
186 259 223 
223 260 224 
224 260 261 
224 261 225 
225 261 262 
225 262 226 
226 262 263 
226 263 227 
227 263 264 
227 264 228 
228 264 265 
228 265 229 
229 265 266 
229 266 230 
230 266 267 
230 267 231 
231 267 268 
231 268 232 
232 268 269 
232 269 233 
233 269 270 
233 270 234 
234 270 271 
234 271 235 
235 271 272 
235 272 236 
236 272 273 
236 273 237 
237 273 274 
237 274 238 
238 274 275 
238 275 239 
239 275 276 
239 276 240 
240 276 277 
240 277 241 
241 277 278 
241 278 242 
242 278 279 
242 279 243 
243 279 280 
243 280 244 
244 280 281 
244 281 245 
245 281 282 
245 282 246 
246 282 283 
246 283 247 
247 283 284 
247 284 248 
248 284 285 
248 285 249 
249 285 286 
249 286 250 
250 286 287 
250 287 251 
251 287 288 
251 288 252 
252 288 289 
252 289 253 
253 289 290 
253 290 254 
254 290 291 
254 291 255 
255 291 292 
255 292 256 
256 292 293 
256 293 257 
257 293 294 
257 294 258 
258 294 295 
258 295 259 
259 295 296 
259 296 223 
223 296 260 
260 297 261 
261 297 298 
261 298 262 
262 298 299 
262 299 263 
263 299 300 
263 300 264 
264 300 301 
264 301 265 
265 301 302 
265 302 266 
266 302 303 
266 303 267 
267 303 304 
267 304 268 
268 304 305 
268 305 269 
269 305 306 
269 306 270 
270 306 307 
270 307 271 
271 307 308 
271 308 272 
272 308 309 
272 309 273 
273 309 310 
273 310 274 
274 310 311 
274 311 275 
275 311 312 
275 312 276 
276 312 313 
276 313 277 
277 313 314 
277 314 278 
278 314 315 
278 315 279 
279 315 316 
279 316 280 
280 316 317 
280 317 281 
281 317 318 
281 318 282 
282 318 319 
282 319 283 
283 319 320 
283 320 284 
284 320 321 
284 321 285 
285 321 322 
285 322 286 
286 322 323 
286 323 287 
287 323 324 
287 324 288 
288 324 325 
288 325 289 
289 325 326 
289 326 290 
290 326 327 
290 327 291 
291 327 328 
291 328 292 
292 328 329 
292 329 293 
293 329 330 
293 330 294 
294 330 331 
294 331 295 
295 331 332 
295 332 296 
296 332 333 
296 333 260 
260 333 297 
297 334 298 
298 334 335 
298 335 299 
299 335 336 
299 336 300 
300 336 337 
300 337 301 
301 337 338 
301 338 302 
302 338 339 
302 339 303 
303 339 340 
303 340 304 
304 340 341 
304 341 305 
305 341 342 
305 342 306 
306 342 343 
306 343 307 
307 343 344 
307 344 308 
308 344 345 
308 345 309 
309 345 346 
309 346 310 
310 346 347 
310 347 311 
311 347 348 
311 348 312 
312 348 349 
312 349 313 
313 349 350 
313 350 314 
314 350 351 
314 351 315 
315 351 352 
315 352 316 
316 352 353 
316 353 317 
317 353 354 
317 354 318 
318 354 355 
318 355 319 
319 355 356 
319 356 320 
320 356 357 
320 357 321 
321 357 358 
321 358 322 
322 358 359 
322 359 323 
323 359 360 
323 360 324 
324 360 361 
324 361 325 
325 361 362 
325 362 326 
326 362 363 
326 363 327 
327 363 364 
327 364 328 
328 364 365 
328 365 329 
329 365 366 
329 366 330 
330 366 367 
330 367 331 
331 367 368 
331 368 332 
332 368 369 
332 369 333 
333 369 370 
333 370 297 
297 370 334 
334 371 335 
335 371 372 
335 372 336 
336 372 373 
336 373 337 
337 373 374 
337 374 338 
338 374 375 
338 375 339 
339 375 376 
339 376 340 
340 376 377 
340 377 341 
341 377 378 
341 378 342 
342 378 379 
342 379 343 
343 379 380 
343 380 344 
344 380 381 
344 381 345 
345 381 382 
345 382 346 
346 382 383 
346 383 347 
347 383 384 
347 384 348 
348 384 385 
348 385 349 
349 385 386 
349 386 350 
350 386 387 
350 387 351 
351 387 388 
351 388 352 
352 388 389 
352 389 353 
353 389 390 
353 390 354 
354 390 391 
354 391 355 
355 391 392 
355 392 356 
356 392 393 
356 393 357 
357 393 394 
357 394 358 
358 394 395 
358 395 359 
359 395 396 
359 396 360 
360 396 397 
360 397 361 
361 397 398 
361 398 362 
362 398 399 
362 399 363 
363 399 400 
363 400 364 
364 400 401 
364 401 365 
365 401 402 
365 402 366 
366 402 403 
366 403 367 
367 403 404 
367 404 368 
368 404 405 
368 405 369 
369 405 406 
369 406 370 
370 406 407 
370 407 334 
334 407 371 
371 408 372 
372 408 409 
372 409 373 
373 409 410 
373 410 374 
374 410 411 
374 411 375 
375 411 412 
375 412 376 
376 412 413 
376 413 377 
377 413 414 
377 414 378 
378 414 415 
378 415 379 
379 415 416 
379 416 380 
380 416 417 
380 417 381 
381 417 418 
381 418 382 
382 418 419 
382 419 383 
383 419 420 
383 420 384 
384 420 421 
384 421 385 
385 421 422 
385 422 386 
386 422 423 
386 423 387 
387 423 424 
387 424 388 
388 424 425 
388 425 389 
389 425 426 
389 426 390 
390 426 427 
390 427 391 
391 427 428 
391 428 392 
392 428 429 
392 429 393 
393 429 430 
393 430 394 
394 430 431 
394 431 395 
395 431 432 
395 432 396 
396 432 433 
396 433 397 
397 433 434 
397 434 398 
398 434 435 
398 435 399 
399 435 436 
399 436 400 
400 436 437 
400 437 401 
401 437 438 
401 438 402 
402 438 439 
402 439 403 
403 439 440 
403 440 404 
404 440 441 
404 441 405 
405 441 442 
405 442 406 
406 442 443 
406 443 407 
407 443 444 
407 444 371 
371 444 408 
408 445 409 
409 445 446 
409 446 410 
410 446 447 
410 447 411 
411 447 448 
411 448 412 
412 448 449 
412 449 413 
413 449 450 
413 450 414 
414 450 451 
414 451 415 
415 451 452 
415 452 416 
416 452 453 
416 453 417 
417 453 454 
417 454 418 
418 454 455 
418 455 419 
419 455 456 
419 456 420 
420 456 457 
420 457 421 
421 457 458 
421 458 422 
422 458 459 
422 459 423 
423 459 460 
423 460 424 
424 460 461 
424 461 425 
425 461 462 
425 462 426 
426 462 463 
426 463 427 
427 463 464 
427 464 428 
428 464 465 
428 465 429 
429 465 466 
429 466 430 
430 466 467 
430 467 431 
431 467 468 
431 468 432 
432 468 469 
432 469 433 
433 469 470 
433 470 434 
434 470 471 
434 471 435 
435 471 472 
435 472 436 
436 472 473 
436 473 437 
437 473 474 
437 474 438 
438 474 475 
438 475 439 
439 475 476 
439 476 440 
440 476 477 
440 477 441 
441 477 478 
441 478 442 
442 478 479 
442 479 443 
443 479 480 
443 480 444 
444 480 481 
444 481 408 
408 481 445 
445 482 446 
446 482 483 
446 483 447 
447 483 484 
447 484 448 
448 484 485 
448 485 449 
449 485 486 
449 486 450 
450 486 487 
450 487 451 
451 487 488 
451 488 452 
452 488 489 
452 489 453 
453 489 490 
453 490 454 
454 490 491 
454 491 455 
455 491 492 
455 492 456 
456 492 493 
456 493 457 
457 493 494 
457 494 458 
458 494 495 
458 495 459 
459 495 496 
459 496 460 
460 496 497 
460 497 461 
461 497 498 
461 498 462 
462 498 499 
462 499 463 
463 499 500 
463 500 464 
464 500 501 
464 501 465 
465 501 502 
465 502 466 
466 502 503 
466 503 467 
467 503 504 
467 504 468 
468 504 505 
468 505 469 
469 505 506 
469 506 470 
470 506 507 
470 507 471 
471 507 508 
471 508 472 
472 508 509 
472 509 473 
473 509 510 
473 510 474 
474 510 511 
474 511 475 
475 511 512 
475 512 476 
476 512 513 
476 513 477 
477 513 514 
477 514 478 
478 514 515 
478 515 479 
479 515 516 
479 516 480 
480 516 517 
480 517 481 
481 517 518 
481 518 445 
445 518 482 
482 519 483 
483 519 520 
483 520 484 
484 520 521 
484 521 485 
485 521 522 
485 522 486 
486 522 523 
486 523 487 
487 523 524 
487 524 488 
488 524 525 
488 525 489 
489 525 526 
489 526 490 
490 526 527 
490 527 491 
491 527 528 
491 528 492 
492 528 529 
492 529 493 
493 529 530 
493 530 494 
494 530 531 
494 531 495 
495 531 532 
495 532 496 
496 532 533 
496 533 497 
497 533 534 
497 534 498 
498 534 535 
498 535 499 
499 535 536 
499 536 500 
500 536 537 
500 537 501 
501 537 538 
501 538 502 
502 538 539 
502 539 503 
503 539 540 
503 540 504 
504 540 541 
504 541 505 
505 541 542 
505 542 506 
506 542 543 
506 543 507 
507 543 544 
507 544 508 
508 544 545 
508 545 509 
509 545 546 
509 546 510 
510 546 547 
510 547 511 
511 547 548 
511 548 512 
512 548 549 
512 549 513 
513 549 550 
513 550 514 
514 550 551 
514 551 515 
515 551 552 
515 552 516 
516 552 553 
516 553 517 
517 553 554 
517 554 518 
518 554 555 
518 555 482 
482 555 519 
519 1 520 
520 1 2 
520 2 521 
521 2 3 
521 3 522 
522 3 4 
522 4 523 
523 4 5 
523 5 524 
524 5 6 
524 6 525 
525 6 7 
525 7 526 
526 7 8 
526 8 527 
527 8 9 
527 9 528 
528 9 10 
528 10 529 
529 10 11 
529 11 530 
530 11 12 
530 12 531 
531 12 13 
531 13 532 
532 13 14 
532 14 533 
533 14 15 
533 15 534 
534 15 16 
534 16 535 
535 16 17 
535 17 536 
536 17 18 
536 18 537 
537 18 19 
537 19 538 
538 19 20 
538 20 539 
539 20 21 
539 21 540 
540 21 22 
540 22 541 
541 22 23 
541 23 542 
542 23 24 
542 24 543 
543 24 25 
543 25 544 
544 25 26 
544 26 545 
545 26 27 
545 27 546 
546 27 28 
546 28 547 
547 28 29 
547 29 548 
548 29 30 
548 30 549 
549 30 31 
549 31 550 
550 31 32 
550 32 551 
551 32 33 
551 33 552 
552 33 34 
552 34 553 
553 34 35 
553 35 554 
554 35 36 
554 36 555 
555 36 37 
555 37 519 
519 37 1 
tex_vertices
0    0    
0,027027027027027 0    
0,0540540540540541 0    
0,0810810810810811 0    
0,108108108108108 0    
0,135135135135135 0    
0,162162162162162 0    
0,189189189189189 0    
0,216216216216216 0    
0,243243243243243 0    
0,27027027027027 0    
0,297297297297297 0    
0,324324324324324 0    
0,351351351351351 0    
0,378378378378378 0    
0,405405405405405 0    
0,432432432432432 0    
0,459459459459459 0    
0,486486486486487 0    
0,513513513513513 0    
0,540540540540541 0    
0,567567567567568 0    
0,594594594594595 0    
0,621621621621622 0    
0,648648648648649 0    
0,675675675675676 0    
0,702702702702703 0    
0,72972972972973 0    
0,756756756756757 0    
0,783783783783784 0    
0,810810810810811 0    
0,837837837837838 0    
0,864864864864865 0    
0,891891891891892 0    
0,918918918918919 0    
0,945945945945946 0    
0,972972972972973 0    
1    0    
0    0,0666666666666667 
0,027027027027027 0,0666666666666667 
0,0540540540540541 0,0666666666666667 
0,0810810810810811 0,0666666666666667 
0,108108108108108 0,0666666666666667 
0,135135135135135 0,0666666666666667 
0,162162162162162 0,0666666666666667 
0,189189189189189 0,0666666666666667 
0,216216216216216 0,0666666666666667 
0,243243243243243 0,0666666666666667 
0,27027027027027 0,0666666666666667 
0,297297297297297 0,0666666666666667 
0,324324324324324 0,0666666666666667 
0,351351351351351 0,0666666666666667 
0,378378378378378 0,0666666666666667 
0,405405405405405 0,0666666666666667 
0,432432432432432 0,0666666666666667 
0,459459459459459 0,0666666666666667 
0,486486486486487 0,0666666666666667 
0,513513513513513 0,0666666666666667 
0,540540540540541 0,0666666666666667 
0,567567567567568 0,0666666666666667 
0,594594594594595 0,0666666666666667 
0,621621621621622 0,0666666666666667 
0,648648648648649 0,0666666666666667 
0,675675675675676 0,0666666666666667 
0,702702702702703 0,0666666666666667 
0,72972972972973 0,0666666666666667 
0,756756756756757 0,0666666666666667 
0,783783783783784 0,0666666666666667 
0,810810810810811 0,0666666666666667 
0,837837837837838 0,0666666666666667 
0,864864864864865 0,0666666666666667 
0,891891891891892 0,0666666666666667 
0,918918918918919 0,0666666666666667 
0,945945945945946 0,0666666666666667 
0,972972972972973 0,0666666666666667 
1    0,0666666666666667 
0    0,133333333333333 
0,027027027027027 0,133333333333333 
0,0540540540540541 0,133333333333333 
0,0810810810810811 0,133333333333333 
0,108108108108108 0,133333333333333 
0,135135135135135 0,133333333333333 
0,162162162162162 0,133333333333333 
0,189189189189189 0,133333333333333 
0,216216216216216 0,133333333333333 
0,243243243243243 0,133333333333333 
0,27027027027027 0,133333333333333 
0,297297297297297 0,133333333333333 
0,324324324324324 0,133333333333333 
0,351351351351351 0,133333333333333 
0,378378378378378 0,133333333333333 
0,405405405405405 0,133333333333333 
0,432432432432432 0,133333333333333 
0,459459459459459 0,133333333333333 
0,486486486486487 0,133333333333333 
0,513513513513513 0,133333333333333 
0,540540540540541 0,133333333333333 
0,567567567567568 0,133333333333333 
0,594594594594595 0,133333333333333 
0,621621621621622 0,133333333333333 
0,648648648648649 0,133333333333333 
0,675675675675676 0,133333333333333 
0,702702702702703 0,133333333333333 
0,72972972972973 0,133333333333333 
0,756756756756757 0,133333333333333 
0,783783783783784 0,133333333333333 
0,810810810810811 0,133333333333333 
0,837837837837838 0,133333333333333 
0,864864864864865 0,133333333333333 
0,891891891891892 0,133333333333333 
0,918918918918919 0,133333333333333 
0,945945945945946 0,133333333333333 
0,972972972972973 0,133333333333333 
1    0,133333333333333 
0    0,2  
0,027027027027027 0,2  
0,0540540540540541 0,2  
0,0810810810810811 0,2  
0,108108108108108 0,2  
0,135135135135135 0,2  
0,162162162162162 0,2  
0,189189189189189 0,2  
0,216216216216216 0,2  
0,243243243243243 0,2  
0,27027027027027 0,2  
0,297297297297297 0,2  
0,324324324324324 0,2  
0,351351351351351 0,2  
0,378378378378378 0,2  
0,405405405405405 0,2  
0,432432432432432 0,2  
0,459459459459459 0,2  
0,486486486486487 0,2  
0,513513513513513 0,2  
0,540540540540541 0,2  
0,567567567567568 0,2  
0,594594594594595 0,2  
0,621621621621622 0,2  
0,648648648648649 0,2  
0,675675675675676 0,2  
0,702702702702703 0,2  
0,72972972972973 0,2  
0,756756756756757 0,2  
0,783783783783784 0,2  
0,810810810810811 0,2  
0,837837837837838 0,2  
0,864864864864865 0,2  
0,891891891891892 0,2  
0,918918918918919 0,2  
0,945945945945946 0,2  
0,972972972972973 0,2  
1    0,2  
0    0,266666666666667 
0,027027027027027 0,266666666666667 
0,0540540540540541 0,266666666666667 
0,0810810810810811 0,266666666666667 
0,108108108108108 0,266666666666667 
0,135135135135135 0,266666666666667 
0,162162162162162 0,266666666666667 
0,189189189189189 0,266666666666667 
0,216216216216216 0,266666666666667 
0,243243243243243 0,266666666666667 
0,27027027027027 0,266666666666667 
0,297297297297297 0,266666666666667 
0,324324324324324 0,266666666666667 
0,351351351351351 0,266666666666667 
0,378378378378378 0,266666666666667 
0,405405405405405 0,266666666666667 
0,432432432432432 0,266666666666667 
0,459459459459459 0,266666666666667 
0,486486486486487 0,266666666666667 
0,513513513513513 0,266666666666667 
0,540540540540541 0,266666666666667 
0,567567567567568 0,266666666666667 
0,594594594594595 0,266666666666667 
0,621621621621622 0,266666666666667 
0,648648648648649 0,266666666666667 
0,675675675675676 0,266666666666667 
0,702702702702703 0,266666666666667 
0,72972972972973 0,266666666666667 
0,756756756756757 0,266666666666667 
0,783783783783784 0,266666666666667 
0,810810810810811 0,266666666666667 
0,837837837837838 0,266666666666667 
0,864864864864865 0,266666666666667 
0,891891891891892 0,266666666666667 
0,918918918918919 0,266666666666667 
0,945945945945946 0,266666666666667 
0,972972972972973 0,266666666666667 
1    0,266666666666667 
0    0,333333333333333 
0,027027027027027 0,333333333333333 
0,0540540540540541 0,333333333333333 
0,0810810810810811 0,333333333333333 
0,108108108108108 0,333333333333333 
0,135135135135135 0,333333333333333 
0,162162162162162 0,333333333333333 
0,189189189189189 0,333333333333333 
0,216216216216216 0,333333333333333 
0,243243243243243 0,333333333333333 
0,27027027027027 0,333333333333333 
0,297297297297297 0,333333333333333 
0,324324324324324 0,333333333333333 
0,351351351351351 0,333333333333333 
0,378378378378378 0,333333333333333 
0,405405405405405 0,333333333333333 
0,432432432432432 0,333333333333333 
0,459459459459459 0,333333333333333 
0,486486486486487 0,333333333333333 
0,513513513513513 0,333333333333333 
0,540540540540541 0,333333333333333 
0,567567567567568 0,333333333333333 
0,594594594594595 0,333333333333333 
0,621621621621622 0,333333333333333 
0,648648648648649 0,333333333333333 
0,675675675675676 0,333333333333333 
0,702702702702703 0,333333333333333 
0,72972972972973 0,333333333333333 
0,756756756756757 0,333333333333333 
0,783783783783784 0,333333333333333 
0,810810810810811 0,333333333333333 
0,837837837837838 0,333333333333333 
0,864864864864865 0,333333333333333 
0,891891891891892 0,333333333333333 
0,918918918918919 0,333333333333333 
0,945945945945946 0,333333333333333 
0,972972972972973 0,333333333333333 
1    0,333333333333333 
0    0,4  
0,027027027027027 0,4  
0,0540540540540541 0,4  
0,0810810810810811 0,4  
0,108108108108108 0,4  
0,135135135135135 0,4  
0,162162162162162 0,4  
0,189189189189189 0,4  
0,216216216216216 0,4  
0,243243243243243 0,4  
0,27027027027027 0,4  
0,297297297297297 0,4  
0,324324324324324 0,4  
0,351351351351351 0,4  
0,378378378378378 0,4  
0,405405405405405 0,4  
0,432432432432432 0,4  
0,459459459459459 0,4  
0,486486486486487 0,4  
0,513513513513513 0,4  
0,540540540540541 0,4  
0,567567567567568 0,4  
0,594594594594595 0,4  
0,621621621621622 0,4  
0,648648648648649 0,4  
0,675675675675676 0,4  
0,702702702702703 0,4  
0,72972972972973 0,4  
0,756756756756757 0,4  
0,783783783783784 0,4  
0,810810810810811 0,4  
0,837837837837838 0,4  
0,864864864864865 0,4  
0,891891891891892 0,4  
0,918918918918919 0,4  
0,945945945945946 0,4  
0,972972972972973 0,4  
1    0,4  
0    0,466666666666667 
0,027027027027027 0,466666666666667 
0,0540540540540541 0,466666666666667 
0,0810810810810811 0,466666666666667 
0,108108108108108 0,466666666666667 
0,135135135135135 0,466666666666667 
0,162162162162162 0,466666666666667 
0,189189189189189 0,466666666666667 
0,216216216216216 0,466666666666667 
0,243243243243243 0,466666666666667 
0,27027027027027 0,466666666666667 
0,297297297297297 0,466666666666667 
0,324324324324324 0,466666666666667 
0,351351351351351 0,466666666666667 
0,378378378378378 0,466666666666667 
0,405405405405405 0,466666666666667 
0,432432432432432 0,466666666666667 
0,459459459459459 0,466666666666667 
0,486486486486487 0,466666666666667 
0,513513513513513 0,466666666666667 
0,540540540540541 0,466666666666667 
0,567567567567568 0,466666666666667 
0,594594594594595 0,466666666666667 
0,621621621621622 0,466666666666667 
0,648648648648649 0,466666666666667 
0,675675675675676 0,466666666666667 
0,702702702702703 0,466666666666667 
0,72972972972973 0,466666666666667 
0,756756756756757 0,466666666666667 
0,783783783783784 0,466666666666667 
0,810810810810811 0,466666666666667 
0,837837837837838 0,466666666666667 
0,864864864864865 0,466666666666667 
0,891891891891892 0,466666666666667 
0,918918918918919 0,466666666666667 
0,945945945945946 0,466666666666667 
0,972972972972973 0,466666666666667 
1    0,466666666666667 
0    0,533333333333333 
0,027027027027027 0,533333333333333 
0,0540540540540541 0,533333333333333 
0,0810810810810811 0,533333333333333 
0,108108108108108 0,533333333333333 
0,135135135135135 0,533333333333333 
0,162162162162162 0,533333333333333 
0,189189189189189 0,533333333333333 
0,216216216216216 0,533333333333333 
0,243243243243243 0,533333333333333 
0,27027027027027 0,533333333333333 
0,297297297297297 0,533333333333333 
0,324324324324324 0,533333333333333 
0,351351351351351 0,533333333333333 
0,378378378378378 0,533333333333333 
0,405405405405405 0,533333333333333 
0,432432432432432 0,533333333333333 
0,459459459459459 0,533333333333333 
0,486486486486487 0,533333333333333 
0,513513513513513 0,533333333333333 
0,540540540540541 0,533333333333333 
0,567567567567568 0,533333333333333 
0,594594594594595 0,533333333333333 
0,621621621621622 0,533333333333333 
0,648648648648649 0,533333333333333 
0,675675675675676 0,533333333333333 
0,702702702702703 0,533333333333333 
0,72972972972973 0,533333333333333 
0,756756756756757 0,533333333333333 
0,783783783783784 0,533333333333333 
0,810810810810811 0,533333333333333 
0,837837837837838 0,533333333333333 
0,864864864864865 0,533333333333333 
0,891891891891892 0,533333333333333 
0,918918918918919 0,533333333333333 
0,945945945945946 0,533333333333333 
0,972972972972973 0,533333333333333 
1    0,533333333333333 
0    0,6  
0,027027027027027 0,6  
0,0540540540540541 0,6  
0,0810810810810811 0,6  
0,108108108108108 0,6  
0,135135135135135 0,6  
0,162162162162162 0,6  
0,189189189189189 0,6  
0,216216216216216 0,6  
0,243243243243243 0,6  
0,27027027027027 0,6  
0,297297297297297 0,6  
0,324324324324324 0,6  
0,351351351351351 0,6  
0,378378378378378 0,6  
0,405405405405405 0,6  
0,432432432432432 0,6  
0,459459459459459 0,6  
0,486486486486487 0,6  
0,513513513513513 0,6  
0,540540540540541 0,6  
0,567567567567568 0,6  
0,594594594594595 0,6  
0,621621621621622 0,6  
0,648648648648649 0,6  
0,675675675675676 0,6  
0,702702702702703 0,6  
0,72972972972973 0,6  
0,756756756756757 0,6  
0,783783783783784 0,6  
0,810810810810811 0,6  
0,837837837837838 0,6  
0,864864864864865 0,6  
0,891891891891892 0,6  
0,918918918918919 0,6  
0,945945945945946 0,6  
0,972972972972973 0,6  
1    0,6  
0    0,666666666666667 
0,027027027027027 0,666666666666667 
0,0540540540540541 0,666666666666667 
0,0810810810810811 0,666666666666667 
0,108108108108108 0,666666666666667 
0,135135135135135 0,666666666666667 
0,162162162162162 0,666666666666667 
0,189189189189189 0,666666666666667 
0,216216216216216 0,666666666666667 
0,243243243243243 0,666666666666667 
0,27027027027027 0,666666666666667 
0,297297297297297 0,666666666666667 
0,324324324324324 0,666666666666667 
0,351351351351351 0,666666666666667 
0,378378378378378 0,666666666666667 
0,405405405405405 0,666666666666667 
0,432432432432432 0,666666666666667 
0,459459459459459 0,666666666666667 
0,486486486486487 0,666666666666667 
0,513513513513513 0,666666666666667 
0,540540540540541 0,666666666666667 
0,567567567567568 0,666666666666667 
0,594594594594595 0,666666666666667 
0,621621621621622 0,666666666666667 
0,648648648648649 0,666666666666667 
0,675675675675676 0,666666666666667 
0,702702702702703 0,666666666666667 
0,72972972972973 0,666666666666667 
0,756756756756757 0,666666666666667 
0,783783783783784 0,666666666666667 
0,810810810810811 0,666666666666667 
0,837837837837838 0,666666666666667 
0,864864864864865 0,666666666666667 
0,891891891891892 0,666666666666667 
0,918918918918919 0,666666666666667 
0,945945945945946 0,666666666666667 
0,972972972972973 0,666666666666667 
1    0,666666666666667 
0    0,733333333333333 
0,027027027027027 0,733333333333333 
0,0540540540540541 0,733333333333333 
0,0810810810810811 0,733333333333333 
0,108108108108108 0,733333333333333 
0,135135135135135 0,733333333333333 
0,162162162162162 0,733333333333333 
0,189189189189189 0,733333333333333 
0,216216216216216 0,733333333333333 
0,243243243243243 0,733333333333333 
0,27027027027027 0,733333333333333 
0,297297297297297 0,733333333333333 
0,324324324324324 0,733333333333333 
0,351351351351351 0,733333333333333 
0,378378378378378 0,733333333333333 
0,405405405405405 0,733333333333333 
0,432432432432432 0,733333333333333 
0,459459459459459 0,733333333333333 
0,486486486486487 0,733333333333333 
0,513513513513513 0,733333333333333 
0,540540540540541 0,733333333333333 
0,567567567567568 0,733333333333333 
0,594594594594595 0,733333333333333 
0,621621621621622 0,733333333333333 
0,648648648648649 0,733333333333333 
0,675675675675676 0,733333333333333 
0,702702702702703 0,733333333333333 
0,72972972972973 0,733333333333333 
0,756756756756757 0,733333333333333 
0,783783783783784 0,733333333333333 
0,810810810810811 0,733333333333333 
0,837837837837838 0,733333333333333 
0,864864864864865 0,733333333333333 
0,891891891891892 0,733333333333333 
0,918918918918919 0,733333333333333 
0,945945945945946 0,733333333333333 
0,972972972972973 0,733333333333333 
1    0,733333333333333 
0    0,8  
0,027027027027027 0,8  
0,0540540540540541 0,8  
0,0810810810810811 0,8  
0,108108108108108 0,8  
0,135135135135135 0,8  
0,162162162162162 0,8  
0,189189189189189 0,8  
0,216216216216216 0,8  
0,243243243243243 0,8  
0,27027027027027 0,8  
0,297297297297297 0,8  
0,324324324324324 0,8  
0,351351351351351 0,8  
0,378378378378378 0,8  
0,405405405405405 0,8  
0,432432432432432 0,8  
0,459459459459459 0,8  
0,486486486486487 0,8  
0,513513513513513 0,8  
0,540540540540541 0,8  
0,567567567567568 0,8  
0,594594594594595 0,8  
0,621621621621622 0,8  
0,648648648648649 0,8  
0,675675675675676 0,8  
0,702702702702703 0,8  
0,72972972972973 0,8  
0,756756756756757 0,8  
0,783783783783784 0,8  
0,810810810810811 0,8  
0,837837837837838 0,8  
0,864864864864865 0,8  
0,891891891891892 0,8  
0,918918918918919 0,8  
0,945945945945946 0,8  
0,972972972972973 0,8  
1    0,8  
0    0,866666666666667 
0,027027027027027 0,866666666666667 
0,0540540540540541 0,866666666666667 
0,0810810810810811 0,866666666666667 
0,108108108108108 0,866666666666667 
0,135135135135135 0,866666666666667 
0,162162162162162 0,866666666666667 
0,189189189189189 0,866666666666667 
0,216216216216216 0,866666666666667 
0,243243243243243 0,866666666666667 
0,27027027027027 0,866666666666667 
0,297297297297297 0,866666666666667 
0,324324324324324 0,866666666666667 
0,351351351351351 0,866666666666667 
0,378378378378378 0,866666666666667 
0,405405405405405 0,866666666666667 
0,432432432432432 0,866666666666667 
0,459459459459459 0,866666666666667 
0,486486486486487 0,866666666666667 
0,513513513513513 0,866666666666667 
0,540540540540541 0,866666666666667 
0,567567567567568 0,866666666666667 
0,594594594594595 0,866666666666667 
0,621621621621622 0,866666666666667 
0,648648648648649 0,866666666666667 
0,675675675675676 0,866666666666667 
0,702702702702703 0,866666666666667 
0,72972972972973 0,866666666666667 
0,756756756756757 0,866666666666667 
0,783783783783784 0,866666666666667 
0,810810810810811 0,866666666666667 
0,837837837837838 0,866666666666667 
0,864864864864865 0,866666666666667 
0,891891891891892 0,866666666666667 
0,918918918918919 0,866666666666667 
0,945945945945946 0,866666666666667 
0,972972972972973 0,866666666666667 
1    0,866666666666667 
0    0,933333333333333 
0,027027027027027 0,933333333333333 
0,0540540540540541 0,933333333333333 
0,0810810810810811 0,933333333333333 
0,108108108108108 0,933333333333333 
0,135135135135135 0,933333333333333 
0,162162162162162 0,933333333333333 
0,189189189189189 0,933333333333333 
0,216216216216216 0,933333333333333 
0,243243243243243 0,933333333333333 
0,27027027027027 0,933333333333333 
0,297297297297297 0,933333333333333 
0,324324324324324 0,933333333333333 
0,351351351351351 0,933333333333333 
0,378378378378378 0,933333333333333 
0,405405405405405 0,933333333333333 
0,432432432432432 0,933333333333333 
0,459459459459459 0,933333333333333 
0,486486486486487 0,933333333333333 
0,513513513513513 0,933333333333333 
0,540540540540541 0,933333333333333 
0,567567567567568 0,933333333333333 
0,594594594594595 0,933333333333333 
0,621621621621622 0,933333333333333 
0,648648648648649 0,933333333333333 
0,675675675675676 0,933333333333333 
0,702702702702703 0,933333333333333 
0,72972972972973 0,933333333333333 
0,756756756756757 0,933333333333333 
0,783783783783784 0,933333333333333 
0,810810810810811 0,933333333333333 
0,837837837837838 0,933333333333333 
0,864864864864865 0,933333333333333 
0,891891891891892 0,933333333333333 
0,918918918918919 0,933333333333333 
0,945945945945946 0,933333333333333 
0,972972972972973 0,933333333333333 
1    0,933333333333333 
0    1    
0,027027027027027 1    
0,0540540540540541 1    
0,0810810810810811 1    
0,108108108108108 1    
0,135135135135135 1    
0,162162162162162 1    
0,189189189189189 1    
0,216216216216216 1    
0,243243243243243 1    
0,27027027027027 1    
0,297297297297297 1    
0,324324324324324 1    
0,351351351351351 1    
0,378378378378378 1    
0,405405405405405 1    
0,432432432432432 1    
0,459459459459459 1    
0,486486486486487 1    
0,513513513513513 1    
0,540540540540541 1    
0,567567567567568 1    
0,594594594594595 1    
0,621621621621622 1    
0,648648648648649 1    
0,675675675675676 1    
0,702702702702703 1    
0,72972972972973 1    
0,756756756756757 1    
0,783783783783784 1    
0,810810810810811 1    
0,837837837837838 1    
0,864864864864865 1    
0,891891891891892 1    
0,918918918918919 1    
0,945945945945946 1    
0,972972972972973 1    
1    1    
tex_faces
1 39 2 
2 39 40 
2 40 3 
3 40 41 
3 41 4 
4 41 42 
4 42 5 
5 42 43 
5 43 6 
6 43 44 
6 44 7 
7 44 45 
7 45 8 
8 45 46 
8 46 9 
9 46 47 
9 47 10 
10 47 48 
10 48 11 
11 48 49 
11 49 12 
12 49 50 
12 50 13 
13 50 51 
13 51 14 
14 51 52 
14 52 15 
15 52 53 
15 53 16 
16 53 54 
16 54 17 
17 54 55 
17 55 18 
18 55 56 
18 56 19 
19 56 57 
19 57 20 
20 57 58 
20 58 21 
21 58 59 
21 59 22 
22 59 60 
22 60 23 
23 60 61 
23 61 24 
24 61 62 
24 62 25 
25 62 63 
25 63 26 
26 63 64 
26 64 27 
27 64 65 
27 65 28 
28 65 66 
28 66 29 
29 66 67 
29 67 30 
30 67 68 
30 68 31 
31 68 69 
31 69 32 
32 69 70 
32 70 33 
33 70 71 
33 71 34 
34 71 72 
34 72 35 
35 72 73 
35 73 36 
36 73 74 
36 74 37 
37 74 75 
37 75 38 
38 75 76 
39 77 40 
40 77 78 
40 78 41 
41 78 79 
41 79 42 
42 79 80 
42 80 43 
43 80 81 
43 81 44 
44 81 82 
44 82 45 
45 82 83 
45 83 46 
46 83 84 
46 84 47 
47 84 85 
47 85 48 
48 85 86 
48 86 49 
49 86 87 
49 87 50 
50 87 88 
50 88 51 
51 88 89 
51 89 52 
52 89 90 
52 90 53 
53 90 91 
53 91 54 
54 91 92 
54 92 55 
55 92 93 
55 93 56 
56 93 94 
56 94 57 
57 94 95 
57 95 58 
58 95 96 
58 96 59 
59 96 97 
59 97 60 
60 97 98 
60 98 61 
61 98 99 
61 99 62 
62 99 100 
62 100 63 
63 100 101 
63 101 64 
64 101 102 
64 102 65 
65 102 103 
65 103 66 
66 103 104 
66 104 67 
67 104 105 
67 105 68 
68 105 106 
68 106 69 
69 106 107 
69 107 70 
70 107 108 
70 108 71 
71 108 109 
71 109 72 
72 109 110 
72 110 73 
73 110 111 
73 111 74 
74 111 112 
74 112 75 
75 112 113 
75 113 76 
76 113 114 
77 115 78 
78 115 116 
78 116 79 
79 116 117 
79 117 80 
80 117 118 
80 118 81 
81 118 119 
81 119 82 
82 119 120 
82 120 83 
83 120 121 
83 121 84 
84 121 122 
84 122 85 
85 122 123 
85 123 86 
86 123 124 
86 124 87 
87 124 125 
87 125 88 
88 125 126 
88 126 89 
89 126 127 
89 127 90 
90 127 128 
90 128 91 
91 128 129 
91 129 92 
92 129 130 
92 130 93 
93 130 131 
93 131 94 
94 131 132 
94 132 95 
95 132 133 
95 133 96 
96 133 134 
96 134 97 
97 134 135 
97 135 98 
98 135 136 
98 136 99 
99 136 137 
99 137 100 
100 137 138 
100 138 101 
101 138 139 
101 139 102 
102 139 140 
102 140 103 
103 140 141 
103 141 104 
104 141 142 
104 142 105 
105 142 143 
105 143 106 
106 143 144 
106 144 107 
107 144 145 
107 145 108 
108 145 146 
108 146 109 
109 146 147 
109 147 110 
110 147 148 
110 148 111 
111 148 149 
111 149 112 
112 149 150 
112 150 113 
113 150 151 
113 151 114 
114 151 152 
115 153 116 
116 153 154 
116 154 117 
117 154 155 
117 155 118 
118 155 156 
118 156 119 
119 156 157 
119 157 120 
120 157 158 
120 158 121 
121 158 159 
121 159 122 
122 159 160 
122 160 123 
123 160 161 
123 161 124 
124 161 162 
124 162 125 
125 162 163 
125 163 126 
126 163 164 
126 164 127 
127 164 165 
127 165 128 
128 165 166 
128 166 129 
129 166 167 
129 167 130 
130 167 168 
130 168 131 
131 168 169 
131 169 132 
132 169 170 
132 170 133 
133 170 171 
133 171 134 
134 171 172 
134 172 135 
135 172 173 
135 173 136 
136 173 174 
136 174 137 
137 174 175 
137 175 138 
138 175 176 
138 176 139 
139 176 177 
139 177 140 
140 177 178 
140 178 141 
141 178 179 
141 179 142 
142 179 180 
142 180 143 
143 180 181 
143 181 144 
144 181 182 
144 182 145 
145 182 183 
145 183 146 
146 183 184 
146 184 147 
147 184 185 
147 185 148 
148 185 186 
148 186 149 
149 186 187 
149 187 150 
150 187 188 
150 188 151 
151 188 189 
151 189 152 
152 189 190 
153 191 154 
154 191 192 
154 192 155 
155 192 193 
155 193 156 
156 193 194 
156 194 157 
157 194 195 
157 195 158 
158 195 196 
158 196 159 
159 196 197 
159 197 160 
160 197 198 
160 198 161 
161 198 199 
161 199 162 
162 199 200 
162 200 163 
163 200 201 
163 201 164 
164 201 202 
164 202 165 
165 202 203 
165 203 166 
166 203 204 
166 204 167 
167 204 205 
167 205 168 
168 205 206 
168 206 169 
169 206 207 
169 207 170 
170 207 208 
170 208 171 
171 208 209 
171 209 172 
172 209 210 
172 210 173 
173 210 211 
173 211 174 
174 211 212 
174 212 175 
175 212 213 
175 213 176 
176 213 214 
176 214 177 
177 214 215 
177 215 178 
178 215 216 
178 216 179 
179 216 217 
179 217 180 
180 217 218 
180 218 181 
181 218 219 
181 219 182 
182 219 220 
182 220 183 
183 220 221 
183 221 184 
184 221 222 
184 222 185 
185 222 223 
185 223 186 
186 223 224 
186 224 187 
187 224 225 
187 225 188 
188 225 226 
188 226 189 
189 226 227 
189 227 190 
190 227 228 
191 229 192 
192 229 230 
192 230 193 
193 230 231 
193 231 194 
194 231 232 
194 232 195 
195 232 233 
195 233 196 
196 233 234 
196 234 197 
197 234 235 
197 235 198 
198 235 236 
198 236 199 
199 236 237 
199 237 200 
200 237 238 
200 238 201 
201 238 239 
201 239 202 
202 239 240 
202 240 203 
203 240 241 
203 241 204 
204 241 242 
204 242 205 
205 242 243 
205 243 206 
206 243 244 
206 244 207 
207 244 245 
207 245 208 
208 245 246 
208 246 209 
209 246 247 
209 247 210 
210 247 248 
210 248 211 
211 248 249 
211 249 212 
212 249 250 
212 250 213 
213 250 251 
213 251 214 
214 251 252 
214 252 215 
215 252 253 
215 253 216 
216 253 254 
216 254 217 
217 254 255 
217 255 218 
218 255 256 
218 256 219 
219 256 257 
219 257 220 
220 257 258 
220 258 221 
221 258 259 
221 259 222 
222 259 260 
222 260 223 
223 260 261 
223 261 224 
224 261 262 
224 262 225 
225 262 263 
225 263 226 
226 263 264 
226 264 227 
227 264 265 
227 265 228 
228 265 266 
229 267 230 
230 267 268 
230 268 231 
231 268 269 
231 269 232 
232 269 270 
232 270 233 
233 270 271 
233 271 234 
234 271 272 
234 272 235 
235 272 273 
235 273 236 
236 273 274 
236 274 237 
237 274 275 
237 275 238 
238 275 276 
238 276 239 
239 276 277 
239 277 240 
240 277 278 
240 278 241 
241 278 279 
241 279 242 
242 279 280 
242 280 243 
243 280 281 
243 281 244 
244 281 282 
244 282 245 
245 282 283 
245 283 246 
246 283 284 
246 284 247 
247 284 285 
247 285 248 
248 285 286 
248 286 249 
249 286 287 
249 287 250 
250 287 288 
250 288 251 
251 288 289 
251 289 252 
252 289 290 
252 290 253 
253 290 291 
253 291 254 
254 291 292 
254 292 255 
255 292 293 
255 293 256 
256 293 294 
256 294 257 
257 294 295 
257 295 258 
258 295 296 
258 296 259 
259 296 297 
259 297 260 
260 297 298 
260 298 261 
261 298 299 
261 299 262 
262 299 300 
262 300 263 
263 300 301 
263 301 264 
264 301 302 
264 302 265 
265 302 303 
265 303 266 
266 303 304 
267 305 268 
268 305 306 
268 306 269 
269 306 307 
269 307 270 
270 307 308 
270 308 271 
271 308 309 
271 309 272 
272 309 310 
272 310 273 
273 310 311 
273 311 274 
274 311 312 
274 312 275 
275 312 313 
275 313 276 
276 313 314 
276 314 277 
277 314 315 
277 315 278 
278 315 316 
278 316 279 
279 316 317 
279 317 280 
280 317 318 
280 318 281 
281 318 319 
281 319 282 
282 319 320 
282 320 283 
283 320 321 
283 321 284 
284 321 322 
284 322 285 
285 322 323 
285 323 286 
286 323 324 
286 324 287 
287 324 325 
287 325 288 
288 325 326 
288 326 289 
289 326 327 
289 327 290 
290 327 328 
290 328 291 
291 328 329 
291 329 292 
292 329 330 
292 330 293 
293 330 331 
293 331 294 
294 331 332 
294 332 295 
295 332 333 
295 333 296 
296 333 334 
296 334 297 
297 334 335 
297 335 298 
298 335 336 
298 336 299 
299 336 337 
299 337 300 
300 337 338 
300 338 301 
301 338 339 
301 339 302 
302 339 340 
302 340 303 
303 340 341 
303 341 304 
304 341 342 
305 343 306 
306 343 344 
306 344 307 
307 344 345 
307 345 308 
308 345 346 
308 346 309 
309 346 347 
309 347 310 
310 347 348 
310 348 311 
311 348 349 
311 349 312 
312 349 350 
312 350 313 
313 350 351 
313 351 314 
314 351 352 
314 352 315 
315 352 353 
315 353 316 
316 353 354 
316 354 317 
317 354 355 
317 355 318 
318 355 356 
318 356 319 
319 356 357 
319 357 320 
320 357 358 
320 358 321 
321 358 359 
321 359 322 
322 359 360 
322 360 323 
323 360 361 
323 361 324 
324 361 362 
324 362 325 
325 362 363 
325 363 326 
326 363 364 
326 364 327 
327 364 365 
327 365 328 
328 365 366 
328 366 329 
329 366 367 
329 367 330 
330 367 368 
330 368 331 
331 368 369 
331 369 332 
332 369 370 
332 370 333 
333 370 371 
333 371 334 
334 371 372 
334 372 335 
335 372 373 
335 373 336 
336 373 374 
336 374 337 
337 374 375 
337 375 338 
338 375 376 
338 376 339 
339 376 377 
339 377 340 
340 377 378 
340 378 341 
341 378 379 
341 379 342 
342 379 380 
343 381 344 
344 381 382 
344 382 345 
345 382 383 
345 383 346 
346 383 384 
346 384 347 
347 384 385 
347 385 348 
348 385 386 
348 386 349 
349 386 387 
349 387 350 
350 387 388 
350 388 351 
351 388 389 
351 389 352 
352 389 390 
352 390 353 
353 390 391 
353 391 354 
354 391 392 
354 392 355 
355 392 393 
355 393 356 
356 393 394 
356 394 357 
357 394 395 
357 395 358 
358 395 396 
358 396 359 
359 396 397 
359 397 360 
360 397 398 
360 398 361 
361 398 399 
361 399 362 
362 399 400 
362 400 363 
363 400 401 
363 401 364 
364 401 402 
364 402 365 
365 402 403 
365 403 366 
366 403 404 
366 404 367 
367 404 405 
367 405 368 
368 405 406 
368 406 369 
369 406 407 
369 407 370 
370 407 408 
370 408 371 
371 408 409 
371 409 372 
372 409 410 
372 410 373 
373 410 411 
373 411 374 
374 411 412 
374 412 375 
375 412 413 
375 413 376 
376 413 414 
376 414 377 
377 414 415 
377 415 378 
378 415 416 
378 416 379 
379 416 417 
379 417 380 
380 417 418 
381 419 382 
382 419 420 
382 420 383 
383 420 421 
383 421 384 
384 421 422 
384 422 385 
385 422 423 
385 423 386 
386 423 424 
386 424 387 
387 424 425 
387 425 388 
388 425 426 
388 426 389 
389 426 427 
389 427 390 
390 427 428 
390 428 391 
391 428 429 
391 429 392 
392 429 430 
392 430 393 
393 430 431 
393 431 394 
394 431 432 
394 432 395 
395 432 433 
395 433 396 
396 433 434 
396 434 397 
397 434 435 
397 435 398 
398 435 436 
398 436 399 
399 436 437 
399 437 400 
400 437 438 
400 438 401 
401 438 439 
401 439 402 
402 439 440 
402 440 403 
403 440 441 
403 441 404 
404 441 442 
404 442 405 
405 442 443 
405 443 406 
406 443 444 
406 444 407 
407 444 445 
407 445 408 
408 445 446 
408 446 409 
409 446 447 
409 447 410 
410 447 448 
410 448 411 
411 448 449 
411 449 412 
412 449 450 
412 450 413 
413 450 451 
413 451 414 
414 451 452 
414 452 415 
415 452 453 
415 453 416 
416 453 454 
416 454 417 
417 454 455 
417 455 418 
418 455 456 
419 457 420 
420 457 458 
420 458 421 
421 458 459 
421 459 422 
422 459 460 
422 460 423 
423 460 461 
423 461 424 
424 461 462 
424 462 425 
425 462 463 
425 463 426 
426 463 464 
426 464 427 
427 464 465 
427 465 428 
428 465 466 
428 466 429 
429 466 467 
429 467 430 
430 467 468 
430 468 431 
431 468 469 
431 469 432 
432 469 470 
432 470 433 
433 470 471 
433 471 434 
434 471 472 
434 472 435 
435 472 473 
435 473 436 
436 473 474 
436 474 437 
437 474 475 
437 475 438 
438 475 476 
438 476 439 
439 476 477 
439 477 440 
440 477 478 
440 478 441 
441 478 479 
441 479 442 
442 479 480 
442 480 443 
443 480 481 
443 481 444 
444 481 482 
444 482 445 
445 482 483 
445 483 446 
446 483 484 
446 484 447 
447 484 485 
447 485 448 
448 485 486 
448 486 449 
449 486 487 
449 487 450 
450 487 488 
450 488 451 
451 488 489 
451 489 452 
452 489 490 
452 490 453 
453 490 491 
453 491 454 
454 491 492 
454 492 455 
455 492 493 
455 493 456 
456 493 494 
457 495 458 
458 495 496 
458 496 459 
459 496 497 
459 497 460 
460 497 498 
460 498 461 
461 498 499 
461 499 462 
462 499 500 
462 500 463 
463 500 501 
463 501 464 
464 501 502 
464 502 465 
465 502 503 
465 503 466 
466 503 504 
466 504 467 
467 504 505 
467 505 468 
468 505 506 
468 506 469 
469 506 507 
469 507 470 
470 507 508 
470 508 471 
471 508 509 
471 509 472 
472 509 510 
472 510 473 
473 510 511 
473 511 474 
474 511 512 
474 512 475 
475 512 513 
475 513 476 
476 513 514 
476 514 477 
477 514 515 
477 515 478 
478 515 516 
478 516 479 
479 516 517 
479 517 480 
480 517 518 
480 518 481 
481 518 519 
481 519 482 
482 519 520 
482 520 483 
483 520 521 
483 521 484 
484 521 522 
484 522 485 
485 522 523 
485 523 486 
486 523 524 
486 524 487 
487 524 525 
487 525 488 
488 525 526 
488 526 489 
489 526 527 
489 527 490 
490 527 528 
490 528 491 
491 528 529 
491 529 492 
492 529 530 
492 530 493 
493 530 531 
493 531 494 
494 531 532 
495 533 496 
496 533 534 
496 534 497 
497 534 535 
497 535 498 
498 535 536 
498 536 499 
499 536 537 
499 537 500 
500 537 538 
500 538 501 
501 538 539 
501 539 502 
502 539 540 
502 540 503 
503 540 541 
503 541 504 
504 541 542 
504 542 505 
505 542 543 
505 543 506 
506 543 544 
506 544 507 
507 544 545 
507 545 508 
508 545 546 
508 546 509 
509 546 547 
509 547 510 
510 547 548 
510 548 511 
511 548 549 
511 549 512 
512 549 550 
512 550 513 
513 550 551 
513 551 514 
514 551 552 
514 552 515 
515 552 553 
515 553 516 
516 553 554 
516 554 517 
517 554 555 
517 555 518 
518 555 556 
518 556 519 
519 556 557 
519 557 520 
520 557 558 
520 558 521 
521 558 559 
521 559 522 
522 559 560 
522 560 523 
523 560 561 
523 561 524 
524 561 562 
524 562 525 
525 562 563 
525 563 526 
526 563 564 
526 564 527 
527 564 565 
527 565 528 
528 565 566 
528 566 529 
529 566 567 
529 567 530 
530 567 568 
530 568 531 
531 568 569 
531 569 532 
532 569 570 
533 571 534 
534 571 572 
534 572 535 
535 572 573 
535 573 536 
536 573 574 
536 574 537 
537 574 575 
537 575 538 
538 575 576 
538 576 539 
539 576 577 
539 577 540 
540 577 578 
540 578 541 
541 578 579 
541 579 542 
542 579 580 
542 580 543 
543 580 581 
543 581 544 
544 581 582 
544 582 545 
545 582 583 
545 583 546 
546 583 584 
546 584 547 
547 584 585 
547 585 548 
548 585 586 
548 586 549 
549 586 587 
549 587 550 
550 587 588 
550 588 551 
551 588 589 
551 589 552 
552 589 590 
552 590 553 
553 590 591 
553 591 554 
554 591 592 
554 592 555 
555 592 593 
555 593 556 
556 593 594 
556 594 557 
557 594 595 
557 595 558 
558 595 596 
558 596 559 
559 596 597 
559 597 560 
560 597 598 
560 598 561 
561 598 599 
561 599 562 
562 599 600 
562 600 563 
563 600 601 
563 601 564 
564 601 602 
564 602 565 
565 602 603 
565 603 566 
566 603 604 
566 604 567 
567 604 605 
567 605 568 
568 605 606 
568 606 569 
569 606 607 
569 607 570 
570 607 608 
color
255 100 149 237 
texture
data\textures\donut.jpg