vertices
-27,5856623977107 130,424455202252 -12,3914034956886 
-27,5856623977107 130,424455202252 -12,3914034956886 
-27,5856623977107 130,424455202252 -12,3914034956886 
-27,5856623977107 130,424455202252 -12,3914034956886 
-27,5856623977107 130,424455202252 -12,3914034956886 
-27,5856623977108 130,424455202252 -12,3914034956886 
-27,5856623977108 130,424455202252 -12,3914034956886 
-27,5856623977107 130,424455202252 -12,3914034956886 
-27,5856623977107 130,424455202252 -12,3914034956886 
-27,5856623977107 130,424455202252 -12,3914034956886 
-27,5856623977107 130,424455202252 -12,3914034956886 
-27,5856623977107 130,424455202252 -12,3914034956886 
-27,5856623977107 130,424455202252 -12,3914034956886 
-27,5856623977107 130,424455202252 -12,3914034956886 
-27,5856623977107 130,424455202252 -12,3914034956886 
-27,5856623977107 130,424455202252 -12,3914034956886 
-27,5856623977107 130,424455202252 -12,3914034956886 
-27,5856623977107 130,424455202252 -12,3914034956886 
-27,5856623977107 130,424455202252 -12,3914034956886 
-27,5856623977107 130,424455202252 -12,3914034956886 
-27,5856623977107 130,424455202252 -12,3914034956886 
-27,5856623977107 130,424455202252 -12,3914034956886 
-27,5856623977107 130,424455202252 -12,3914034956886 
-27,5856623977107 130,424455202252 -12,3914034956886 
-27,5856623977107 130,424455202252 -12,3914034956886 
-27,5856623977107 130,424455202252 -12,3914034956886 
-27,5856623977108 130,424455202252 -12,3914034956886 
-27,5856623977107 130,424455202252 -12,3914034956886 
-27,5856623977107 130,424455202252 -12,3914034956886 
-27,5856623977107 130,424455202252 -12,3914034956886 
-38,4720802868999 128,109066470272 5,52989663810136 
-41,7380672167503 126,918137942873 2,85534353566938 
-44,362893480855 125,78776910952 -0,471932987991522 
-46,231841576159 124,767362512343 -4,30651498275324 
-47,2632295026894 123,901514816091 -8,48081281507877 
-47,4119806589087 123,228067719891 -12,8123896391922 
-46,6715939055026 122,776454093402 -17,1119347626681 
-45,0744276963649 122,566411619187 -21,191537432104 
-42,6902858588887 122,607120161262 -24,8728994347399 
-39,6233668317535 122,896800560998 -27,995127585926 
-36,0077096931554 123,422792394887 -30,4217655333424 
-32,0013360098991 124,162107295798 -32,0467575543863 
-27,7793435366567 125,082433654934 -32,7990837001613 
-23,5262536038765 126,143548794187 -32,6458637080355 
-19,4279466502108 127,299076890175 -31,593794026896 
-15,6635383553936 128,498515820264 -29,6888551501991 
-12,3975514255432 129,689444347663 -27,0143020477672 
-9,7727251614385 130,819813181016 -23,6870255241062 
-7,90377706613451 131,840219778193 -19,8524435293445 
-6,87238913960405 132,706067474444 -15,678145697019 
-6,72363798338482 133,379514570645 -11,3465688729055 
-7,46402473679091 133,831128197133 -7,04702374942965 
-9,06119094592858 134,041170671349 -2,96742107999383 
-11,4453327834048 134,000462129274 0,713940922642156 
-14,51225181054 133,710781729537 3,83616907382826 
-18,1279089491381 133,184789895648 6,26280702124465 
-22,1342826323944 132,445474994738 7,88779904228861 
-26,3562751056368 131,525148635601 8,64012518806356 
-30,609365038417 130,464033496348 8,48690519593779 
-34,7076719920827 129,308505400361 7,43483551479828 
-47,8470033223748 121,653543222377 23,2917984393849 
-54,2362378812968 119,323735458936 18,059583039027 
-59,3711729064511 117,112400334359 11,5504479418334 
-63,0273870970863 115,116183804755 4,04887358584687 
-65,0450863486095 113,422330111377 -4,11728523302829 
-65,3360875217339 112,104868788638 -12,5911281888297 
-63,8876724688155 111,221379218221 -21,002307682379 
-60,7631438779332 110,810474133808 -28,9832148084908 
-56,0990586416603 110,890112059329 -36,1850456291128 
-50,099259665586 111,456812435293 -42,2930455791652 
-43,0259669551945 112,48580773594 -47,0402657513952 
-35,188317343354 113,932125928965 -50,2192298445866 
-26,9288537273174 115,732555969129 -51,6910018735048 
-18,6085543004093 117,808410424253 -51,3912583381402 
-10,5910560728119 120,068964493595 -49,3330994693175 
-3,22676218929592 122,415421116981 -45,606476685746 
3,1624723696261 124,745228880423 -40,3742612853881 
8,29740739478036 126,956564005 -33,8651261881945 
11,9536215854156 128,952780534604 -26,363551832208 
13,9713208369388 130,646634227982 -18,1973930133328 
14,2623220100632 131,964095550721 -9,72355005753141 
12,8139069571447 132,847585121137 -1,31237056398211 
9,68937836626249 133,258490205551 6,66853656212971 
5,02529312998959 133,17885228003 13,8703673827516 
-0,974505846084709 132,612151904066 19,9783673328041 
-8,04779855647625 131,583156603419 24,7255875050341 
-15,8854481683168 130,136838410394 27,9045515982255 
-24,1449117843533 128,33640837023 29,3763236271437 
-32,4652112112614 126,260553915106 29,0765800917791 
-40,4827094388589 123,999999845764 27,0184212229563 
-55,3007023816132 111,34002280154 40,118021568385 
-64,5339443604331 107,973159580976 32,5568167900518 
-71,9545668458856 104,777504121283 23,1503035573683 
-77,2382530272591 101,892721900506 12,3095916360613 
-80,1540804644883 99,4448917444136 0,508472156598863 
-80,5746135068737 97,5409955768198 -11,7372893317121 
-78,481472842522 96,2642427961556 -23,8924942901494 
-73,9661387624683 95,6704336254756 -35,4259019348849 
-67,2259530329879 95,7855203749509 -45,8334470084131 
-58,5554941134587 96,6044732013824 -54,6602698500789 
-48,333702664142 98,0914999364828 -61,5205959459063 
-37,0073200209703 100,181610376383 -66,1145961260106 
-25,0713634554641 102,783456665396 -68,2414905380625 
-13,0474915446103 105,783325635648 -67,8083236902836 
-1,4612051878519 109,050108618172 -64,8340270524872 
9,1811193038503 112,441031520866 -59,4485916600035 
18,4143612826702 115,80789474143 -51,8873868816704 
25,8349837681228 119,003550201123 -42,4808736489869 
31,1186699494962 121,8883324219 -31,6401617276798 
34,0344973867254 124,336162577992 -19,8390422482175 
34,4550304291109 126,240058745586 -7,5932807599065 
32,3618897647591 127,51681152625 4,56192419853093 
27,8465556847054 128,110620696931 16,0953318432663 
21,1063699552251 127,995533947455 26,5028769167945 
12,4359110356958 127,176581121024 35,3296997584604 
2,21411958637912 125,689554385923 42,1900258542878 
-9,11226305679262 123,599443946023 46,784026034392 
-21,0482196222988 120,99759765701 48,9109204464439 
-33,0720915331526 117,997728686758 48,4777535986651 
-44,658377889911 114,730945704234 45,5034569608686 
-60,50741504891 97,6192555399115 55,2731793331875 
-72,1811274671426 93,3624849409659 45,7134461083783 
-81,5631206021818 89,3221746242014 33,8206645059318 
-88,2433563342283 85,67490553802 20,1146061497724 
-91,929876306464 82,580080843027 5,19429155902947 
-92,4615619062171 80,1729592290101 -10,2881899230689 
-89,8151759214673 78,5587434611527 -25,6561795625659 
-84,1063781185174 77,8079825143771 -40,2380224684198 
-75,5846703552074 77,9534882446079 -53,396422134199 
-64,6224921524846 78,98890135322 -64,5562933535022 
-51,6989433001753 80,8689693189039 -73,2298962030424 
-37,3788448971929 83,5115241499922 -79,0381526177302 
-22,2880539592039 86,8010735199812 -81,7272139211375 
-7,08611046384743 90,5938483363933 -81,1795552307575 
7,56258771111115 94,7240861399984 -77,4191118593177 
21,0178221631734 99,0112757196993 -70,6102332267595 
32,6915345814062 103,268046318645 -61,0505000019503 
42,0735277164454 107,308356635409 -49,1577183995037 
48,7537634484918 110,955625721591 -35,4516600433443 
52,4402834207276 114,050450416584 -20,5313454526015 
52,9719690204805 116,457572030601 -5,04886397050318 
50,3255830357308 118,071787798458 10,319125668994 
44,616785232781 118,822548745234 24,9009685748477 
36,0950774694709 118,677043015003 38,0593682406271 
25,1328992667482 117,641629906391 49,2192394599303 
12,2093504144388 115,761561940707 57,8928423094704 
-2,11074798854362 113,119007109619 63,7010987241583 
-17,2015389265326 109,82945773963 66,3901600275655 
-32,4034824218891 106,036682923217 65,8425013371855 
-47,0521805968476 101,906445119612 62,0820579657457 
-63,2395829961251 81,0909048063714 68,0949186169554 
-76,8435686044066 76,13026813047 56,9544631602838 
-87,7768942692332 71,4218839050361 43,0951848119987 
-95,5617211951347 67,1715311140555 27,1228005401162 
-99,8578150897049 63,5649705699494 9,73538018132095 
-100,477416034805 60,759826274693 -8,30716256060809 
-97,3934444959604 58,8786964945646 -26,2162819901228 
-90,7406848279544 58,003795627618 -43,2092636506638 
-80,809894551762 58,1733610399791 -58,5434327022926 
-68,0350968556719 59,3799819094624 -71,5486123759462 
-52,9746116992835 61,5709231140623 -81,6564139141099 
-36,2866545521568 64,6504300098353 -88,425077886953 
-18,7005692193241 68,4839133683227 -91,5587811992089 
-0,984952017230356 72,9038315716645 -90,9205659789553 
16,0859395734301 77,7170129852538 -86,5383252938135 
31,7660256749192 82,7130984851101 -78,6035840900482 
45,3700112832007 87,6737351610115 -67,4631286333766 
56,3033369480274 92,3821193864454 -53,6038502850915 
64,0881638739288 96,632472177426 -37,631466013209 
68,384257768499 100,239032721532 -20,2440456544138 
69,0038587135997 103,044177016789 -2,20150291248475 
65,9198871747545 104,925306796917 15,70761651703 
59,2671275067486 105,800207663863 32,700598177571 
49,3363372305562 105,630642251502 48,0347672291998 
36,561539534466 104,424021382019 61,0399469028534 
21,5010543780776 102,233080177419 71,1477484410172 
4,8130972309508 99,1535732816461 77,9164124138601 
-12,7729881018818 95,3200899231588 81,0501157261162 
-30,4886053039756 90,9001717198171 80,4119005058625 
-47,559496894636 86,0869903062276 76,0296598207207 
-63,3777973735686 62,4773388398017 78,0228678874566 
-78,3174967216516 57,029639713457 65,7885815602155 
-90,3243161207954 51,8589605633397 50,568523434108 
-98,8734999481459 47,1912848799811 33,027883083187 
-103,591407846912 43,2306124887369 13,9332706601184 
-104,271844602884 40,1500437785194 -5,88078764609329 
-100,885071864729 38,0842143841738 -25,5483224090662 
-93,5791078526409 37,1234109631821 -44,2097679843559 
-82,6732582518548 37,3096252354882 -61,0495296527712 
-68,6441610219969 38,6347187438369 -75,3316290232605 
-52,1049550310893 41,0407785434093 -86,431869820217 
-33,7784829448507 44,4226482754083 -93,8651182559488 
-14,4656995336192 48,6325240045341 -97,3065057051311 
4,98933389451746 53,4864139601987 -96,6056270226252 
23,7363390231417 58,7721798597916 -91,793113970046 
40,9559817700213 64,2588083695815 -83,0792964607908 
55,8956811181043 69,7065074959262 -70,8450101335497 
67,9025005172481 74,8771866460436 -55,6249520074422 
76,4516843445986 79,5448623294022 -38,0843116565212 
81,1695922433649 83,5055347206463 -18,9896992334527 
81,850028999337 86,5861034308638 0,82435907275908 
78,4632562611813 88,6519328252095 20,4918938357321 
71,1572922490937 89,6127362462011 39,1533394110217 
60,2514426483076 89,426521973895 55,993101079437 
46,2223454184496 88,1014284655464 70,2752004499262 
29,6831394275421 85,6953686659739 81,375441246883 
11,3566673413033 82,3134989339749 88,8086896826146 
-7,95611606992805 78,1036232048492 92,2500771317968 
-27,4111494980647 73,2497332491845 91,5491984492912 
-46,158154626689 67,9639673495916 86,7366853967118 
-60,9160175497203 42,5920597907406 84,6231281219843 
-76,5384940874621 36,8953888067347 71,8297079432931 
-89,0940515980689 31,4883982224653 55,914059613416 
-98,0339519700777 26,6073994720844 37,5717733361225 
-102,96747865883 22,4657156226144 17,604495037785 
-103,67901287434 19,2443581322811 -3,11510940632745 
-100,13745715707 17,0841157812003 -23,6814938583142 
-92,4975944861338 16,0794015261071 -43,1958086291613 
-81,0933235203805 16,2741262011032 -60,8051845233115 
-66,423065624777 17,6597794034984 -75,7400073150298 
-49,1279814650688 20,1758014392462 -87,3475535830871 
-29,9639492100566 23,7122300721714 -95,1205178563827 
-9,76852902851387 28,1145064013477 -98,7191842973528 
10,5756423092481 33,1902298267246 -97,9862739142094 
30,179426893604 38,7175668785898 -92,9538184075903 
48,186045268822 44,454946404671 -83,8417602315352 
63,808521806564 50,1516173886769 -71,0483400528441 
76,3640793171708 55,5586079729463 -55,132691722967 
85,3039796891795 60,4396067233271 -36,7904054456734 
90,2375063779319 64,5812905727972 -16,8231271473359 
90,9490405934418 67,8026480631305 3,89647729677648 
87,4074848761715 69,9628904142113 24,4628617487632 
79,7676222052356 70,9676046693044 43,9771765196103 
68,3633512394824 70,7728799943084 61,5865524137605 
53,6930933438789 69,3872267919132 76,5213752054787 
36,3980091841706 66,8712047561653 88,1289214735361 
17,2339769291584 63,3347761232401 95,9018857468319 
-2,96144325238428 58,9324997940638 99,5005521878019 
-23,3056145901462 53,856776368687 98,7676418046585 
-42,9093991745021 48,3294393168217 93,7351862980393 
-55,9613670117635 22,3022328373509 87,6075182350777 
-71,5838435495055 16,605561853345 74,8140980563867 
-84,1394010601123 11,1985712690756 58,8984497265096 
-93,079301432121 6,31757251869474 40,556163449216 
-98,0128281208733 2,17588866922469 20,5888851508785 
-98,7243623363833 -1,04546882110863 -0,130719293233904 
-95,182806619113 -3,20571117218941 -20,6971037452206 
-87,542943948177 -4,21042542728249 -40,2114185160678 
-76,1386729824237 -4,0157007522865 -57,8207944102179 
-61,4684150868203 -2,63004754989135 -72,7556172019362 
-44,1733309271121 -0,114025514143416 -84,3631634699937 
-25,0092986720999 3,42240311878171 -92,1361277432892 
-4,81387849055709 7,82467944795798 -95,7347941842593 
15,5302928472049 12,9004028733349 -95,0018838011159 
35,1340774315607 18,4277399252001 -89,9694282944967 
53,1406958067788 24,1651194512812 -80,8573701184416 
68,7631723445208 29,8617904352872 -68,0639499397506 
81,3187298551276 35,2687810195566 -52,1483016098734 
90,2586302271363 40,1497797699374 -33,8060153325799 
95,1921569158886 44,2914636194075 -13,8387370342424 
95,9036911313986 47,5128211097408 6,88086740987 
92,3621354141283 49,6730634608216 27,4472518618568 
84,7222727431924 50,6777777159147 46,9615666327039 
73,3180017774391 50,4830530409187 64,5709425268541 
58,6477438818357 49,0973998385235 79,5057653185723 
41,3526597221274 46,5813778027757 91,1133115866298 
22,1886274671151 43,0449491698505 98,8862758599254 
1,99320728557248 38,6426728406742 102,484942300895 
-18,3509640521894 33,5669494152973 101,752031917752 
-37,9547486365453 28,0396123634321 96,7195764111329 
-48,6938551890529 2,34501595749631 86,8676111324117 
-63,6335545371359 -3,10268316884833 74,6333248051706 
-75,6403739362796 -8,27336231896571 59,4132666790629 
-84,1895577636302 -12,9410380023243 41,872626328142 
-88,9074656623965 -16,9017103935684 22,7780139050735 
-89,5879024183686 -19,9822791037859 2,96395559886173 
-86,2011296802129 -22,0481084981316 -16,7035791641113 
-78,8951656681253 -23,0089119191232 -35,3650247394009 
-67,9893160673391 -22,8226976468172 -52,2047864078162 
-53,9602188374811 -21,4976041384685 -66,4868857783054 
-37,4210128465736 -19,091544338896 -77,587126575262 
-19,0945407603349 -15,709674606897 -85,0203750109938 
0,218242650896537 -11,4997988777713 -88,461762460176 
19,6732760790332 -6,64590892210662 -87,7608837776701 
38,4202812076574 -1,3601430225138 -82,948370725091 
55,639923954537 4,12648548727616 -74,2345532158359 
70,57962330262 9,57418461362083 -62,0002668885947 
82,5864427017639 14,7448637637382 -46,7802087624871 
91,1356265291143 19,4125394470968 -29,2395684115661 
95,8535344278807 23,3732118383409 -10,1449559884976 
96,5339711838527 26,4537805485584 9,66910231771416 
93,147198445697 28,5196099429041 29,3366370806871 
85,8412344336096 29,4804133638957 47,9980826559768 
74,9353848328233 29,2941990915897 64,837844324392 
60,9062876029652 27,969105583241 79,1199436948813 
44,3670816120578 25,5630457836685 90,2201844918379 
26,0406095258191 22,1811760516695 97,6534329275697 
6,72782611458762 17,9713003225438 101,094820376752 
-12,727207313549 13,1174103668791 100,393941694246 
-31,4742124421733 7,8316444672863 95,5814286416667 
-39,2492504913636 -17,1520875796517 82,5452841046014 
-52,8532360996452 -22,1127242555531 71,4048286479297 
-63,7865617644718 -26,821108480987 57,5455502996446 
-71,5713886903732 -31,0714612719676 41,5731660277622 
-75,8674825849435 -34,6780218160736 24,1857456689669 
-76,4870835300441 -37,4831661113301 6,14320292703787 
-73,4031119911989 -39,3642958914585 -11,7659165024769 
-66,7503523231929 -40,239196758405 -28,7588981630179 
-56,8195620470006 -40,0696313460439 -44,0930672146467 
-44,0447643509105 -38,8630104765606 -57,0982468883003 
-28,984279194522 -36,6720692719608 -67,2060484264639 
-12,2963220473953 -33,5925623761878 -73,974712399307 
5,28976328543739 -29,7590790177003 -77,108415711563 
23,0053804875311 -25,3391608143587 -76,4702004913093 
40,0762720781916 -20,5259794007693 -72,0879598061676 
55,7563581796806 -15,529893900913 -64,1532186024023 
69,3603437879622 -10,5692572250116 -53,0127631457306 
80,2936694527889 -5,86087299957771 -39,1534847974456 
88,0784963786903 -1,61052020859709 -23,1811005255631 
92,3745902732606 1,99604033550895 -5,7936801667678 
92,9941912183611 4,80118463076544 12,2488625751612 
89,9102196795159 6,68231441089385 30,1579820046759 
83,2574600115099 7,55721527784034 47,1509636652169 
73,3266697353177 7,38764986547929 62,4851327168458 
60,5518720392275 6,18102899599592 75,4903123904993 
45,4913868828391 3,99008779139604 85,598113928663 
28,8034297357123 0,910580895623021 92,3667779015061 
11,2173444028797 -2,92290246286433 95,500481213762 
-6,49827279921411 -7,34282066620603 94,8622659935085 
-23,5691643898746 -12,1560020797954 90,4800253083666 
-27,6696941888187 -36,8547439259985 75,0526912726504 
-39,3434066070515 -41,111514524944 65,4929580478412 
-48,7253997420906 -45,1518248417086 53,6001764453946 
-55,405635474137 -48,79909392789 39,8941180892352 
-59,0921554463728 -51,8939186228829 24,9738034984923 
-59,6238410461258 -54,3010402368999 9,49132201639404 
-56,9774550613761 -55,9152560047571 -5,87666762310306 
-51,2686572584262 -56,6660169515328 -20,4585105289569 
-42,7469494951162 -56,5205112213021 -33,6169101947362 
-31,7847712923935 -55,4850981126899 -44,7767814140394 
-18,861222440084 -53,6050301470059 -53,4503842635795 
-4,54112403710168 -50,9624753159178 -59,2586406782673 
10,5496669008874 -47,6729259459287 -61,9477019816746 
25,7516103962438 -43,8801511295167 -61,4000432912946 
40,4003085712024 -39,7499133259115 -57,6395999198549 
53,8555430232646 -35,4627237462107 -50,8307212872967 
65,5292554414974 -31,2059531472651 -41,2709880624875 
74,9112485765366 -27,1656428305005 -29,3782064600408 
81,5914843085831 -23,5183737443192 -15,6721481038815 
85,2780042808189 -20,4235490493262 -0,751833513138587 
85,8096898805717 -18,0164274353092 14,7306479689597 
83,1633038958221 -16,402211667452 30,0986376084568 
77,4545060928722 -15,6514507206763 44,6804805143106 
68,9327983295623 -15,7969564509071 57,8388801800899 
57,9706201268394 -16,8323695595193 68,9987513993932 
45,0470712745299 -18,7124375252031 77,6723542489332 
30,7269728715476 -21,3549923562914 83,4806106636212 
15,6361819335586 -24,6445417262804 86,1696719670283 
0,43423843820212 -28,4373165426924 85,6220132766484 
-14,2144597367565 -32,5675543462977 81,8615699052086 
-13,8856784861823 -58,2589553042552 65,0639964459648 
-23,1189204650022 -61,6258185248194 57,5027916676316 
-30,5395429504546 -64,8214739845123 48,0962784349482 
-35,8232291318282 -67,7062562052893 37,2555665136411 
-38,7390565690573 -70,1540863613815 25,4544470341787 
-39,1595896114428 -72,0579825289753 13,2086855458678 
-37,066448947091 -73,3347353096395 1,05348058743034 
-32,5511148670374 -73,9285444803196 -10,479927057305 
-25,810929137557 -73,8134577308441 -20,8874721308333 
-17,1404702180278 -72,9945049044128 -29,7142949724992 
-6,91867876871111 -71,5074781693122 -36,5746210683265 
4,40770387446062 -69,4173677294123 -41,1686212484307 
16,3436604399668 -66,8155214403994 -43,2955156604827 
28,3675323508206 -63,8156524701469 -42,8623488127038 
39,953818707579 -60,5488694876233 -39,8880521749074 
50,5961431992812 -57,1579465849291 -34,5026167824237 
59,8293851781012 -53,7910833643648 -26,9414120040906 
67,2500076635536 -50,5954279046719 -17,5348987714071 
72,5336938449271 -47,7106456838949 -6,6941868501 
75,4495212821562 -45,2628155278027 5,10693262936228 
75,8700543245418 -43,3589193602089 17,3526941176734 
73,7769136601899 -42,0821665795446 29,5078990761108 
69,2615795801364 -41,4883574088647 41,0413067208461 
62,521393850656 -41,6034441583401 51,4488517943744 
53,8509349311267 -42,4223969847715 60,2756746360402 
43,6291434818101 -43,909423719872 67,1360007318676 
32,3027608386383 -45,9995341597719 71,7300009119718 
20,3668042731322 -48,6013804487848 73,8568953240238 
8,34293236227834 -51,6012494190373 73,4237284762449 
-3,24335399448007 -54,8680324015608 70,4494318384485 
2,304483721861 -83,7221913097182 53,5001049476132 
-4,08475083706104 -86,0519990731602 48,2678895472553 
-9,21968586221536 -88,2633341977365 41,7587544500616 
-12,8759000528505 -90,2595507273404 34,2571800940752 
-14,8935993043737 -91,9534044207183 26,0910212752001 
-15,1846004774981 -93,2708657434578 17,6171783193986 
-13,7361854245797 -94,1543553138743 9,2059988258493 
-10,6116568336974 -94,5652603982874 1,22509169973749 
-5,94757159742453 -94,4856224727668 -5,97673912088445 
0,0522273786497858 -93,9189220968029 -12,0847390709369 
7,12552008904132 -92,8899267961557 -16,8319592431669 
14,9631697008818 -91,4436086031304 -20,0109233363583 
23,2226333169184 -89,6431785629671 -21,4826953652765 
31,5429327438265 -87,5673241078426 -21,1829518299119 
39,5604309714239 -85,306770038501 -19,1247929610891 
46,9247248549399 -82,9603134151142 -15,3981701775177 
53,3139594138619 -80,6305056516724 -10,1659547771598 
58,4488944390161 -78,4191705270958 -3,65681967996614 
62,1051086296514 -76,4229539974921 3,84475467602028 
64,1228078811746 -74,7291003041142 12,0109134948955 
64,413809054299 -73,4116389813747 20,4847564506969 
62,9653940013805 -72,5281494109581 28,8959359442462 
59,8408654104982 -72,117244326545 36,876843070358 
55,1767801742254 -72,1968822520656 44,0786738909799 
49,1769811981511 -72,7635826280294 50,1866738410324 
42,1036884877595 -73,7925779286768 54,9338940132624 
34,2660388759191 -75,238896121702 58,1128581064537 
26,0065752598825 -77,0393261618653 59,5846301353719 
17,6862758329744 -79,1151806169898 59,2848866000075 
9,66877760537693 -81,3757346863315 57,2267277311846 
21,2572682482762 -116,489041213263 41,5073436576863 
17,991281318426 -117,679969740662 38,8327905552545 
15,3664550543212 -118,810338574014 35,5055140315935 
13,4975069590172 -119,830745171192 31,6709320368318 
12,4661190324868 -120,696592867443 27,4966342045063 
12,3173678762675 -121,370039963644 23,1650573803928 
13,0577546296736 -121,821653590132 18,865512256917 
14,6549208388113 -122,031696064348 14,7859095874811 
17,0390626762875 -121,990987522273 11,1045475848452 
20,1059817034227 -121,701307122536 7,98231943365905 
23,7216388420208 -121,175315288647 5,55568148624264 
27,7280125252771 -120,436000387737 3,93068946519871 
31,9500049985195 -119,5156740286 3,17836331942374 
36,2030949312998 -118,454558889347 3,33158331154955 
40,3014018849655 -117,29903079336 4,38365299268903 
44,0658101797827 -116,099591863271 6,28859186938599 
47,3317971096329 -114,908663335872 8,96314497181789 
49,9566233737377 -113,778294502519 12,2904214954789 
51,8255714690417 -112,757887905341 16,1250034902406 
52,8569593955722 -111,89204020909 20,2993013225661 
53,0057105517914 -111,21859311289 24,6308781466795 
52,2653237983853 -110,766979486401 28,9304232701554 
50,6681575892476 -110,556937012185 33,0100259395913 
48,2840157517714 -110,597645554261 36,6913879422273 
45,2170967246363 -110,887325953997 39,8136160934133 
41,6014395860381 -111,413317787886 42,2402540408297 
37,5950659027818 -112,152632688797 43,8652460618737 
33,3730734295393 -113,072959047933 44,6175722076486 
29,1199834967592 -114,134074187186 44,4643522155229 
25,0216765430936 -115,289602283174 43,4122825343834 
43,5076400249361 -160,710266136816 30,4310210591646 
43,5076400249361 -160,710266136816 30,4310210591646 
43,5076400249361 -160,710266136816 30,4310210591646 
43,5076400249361 -160,710266136816 30,4310210591646 
43,5076400249361 -160,710266136816 30,4310210591646 
43,5076400249361 -160,710266136816 30,4310210591646 
43,5076400249361 -160,710266136816 30,4310210591646 
43,5076400249361 -160,710266136816 30,4310210591646 
43,5076400249361 -160,710266136816 30,4310210591646 
43,5076400249361 -160,710266136816 30,4310210591646 
43,5076400249361 -160,710266136816 30,4310210591646 
43,5076400249361 -160,710266136816 30,4310210591646 
43,5076400249361 -160,710266136816 30,4310210591647 
43,5076400249361 -160,710266136816 30,4310210591647 
43,5076400249361 -160,710266136816 30,4310210591647 
43,5076400249361 -160,710266136816 30,4310210591647 
43,5076400249361 -160,710266136816 30,4310210591647 
43,5076400249361 -160,710266136816 30,4310210591647 
43,5076400249361 -160,710266136816 30,4310210591647 
43,5076400249361 -160,710266136816 30,4310210591647 
43,5076400249361 -160,710266136816 30,4310210591646 
43,5076400249361 -160,710266136816 30,4310210591646 
43,5076400249361 -160,710266136816 30,4310210591646 
43,5076400249361 -160,710266136816 30,4310210591646 
43,5076400249361 -160,710266136816 30,4310210591646 
43,5076400249361 -160,710266136816 30,4310210591646 
43,5076400249361 -160,710266136816 30,4310210591646 
43,5076400249361 -160,710266136816 30,4310210591646 
43,5076400249361 -160,710266136816 30,4310210591646 
43,5076400249361 -160,710266136816 30,4310210591646 
faces
1 31 1 
1 31 32 
1 32 1 
1 32 33 
1 33 1 
1 33 34 
1 34 1 
1 34 35 
1 35 1 
1 35 36 
1 36 1 
1 36 37 
1 37 1 
1 37 38 
1 38 1 
1 38 39 
1 39 1 
1 39 40 
1 40 1 
1 40 41 
1 41 1 
1 41 42 
1 42 1 
1 42 43 
1 43 1 
1 43 44 
1 44 1 
1 44 45 
1 45 1 
1 45 46 
1 46 1 
1 46 47 
1 47 1 
1 47 48 
1 48 1 
1 48 49 
1 49 1 
1 49 50 
1 50 1 
1 50 51 
1 51 1 
1 51 52 
1 52 1 
1 52 53 
1 53 1 
1 53 54 
1 54 1 
1 54 55 
1 55 1 
1 55 56 
1 56 1 
1 56 57 
1 57 1 
1 57 58 
1 58 1 
1 58 59 
1 59 1 
1 59 60 
1 60 1 
1 60 31 
31 61 32 
32 61 62 
32 62 33 
33 62 63 
33 63 34 
34 63 64 
34 64 35 
35 64 65 
35 65 36 
36 65 66 
36 66 37 
37 66 67 
37 67 38 
38 67 68 
38 68 39 
39 68 69 
39 69 40 
40 69 70 
40 70 41 
41 70 71 
41 71 42 
42 71 72 
42 72 43 
43 72 73 
43 73 44 
44 73 74 
44 74 45 
45 74 75 
45 75 46 
46 75 76 
46 76 47 
47 76 77 
47 77 48 
48 77 78 
48 78 49 
49 78 79 
49 79 50 
50 79 80 
50 80 51 
51 80 81 
51 81 52 
52 81 82 
52 82 53 
53 82 83 
53 83 54 
54 83 84 
54 84 55 
55 84 85 
55 85 56 
56 85 86 
56 86 57 
57 86 87 
57 87 58 
58 87 88 
58 88 59 
59 88 89 
59 89 60 
60 89 90 
60 90 31 
31 90 61 
61 91 62 
62 91 92 
62 92 63 
63 92 93 
63 93 64 
64 93 94 
64 94 65 
65 94 95 
65 95 66 
66 95 96 
66 96 67 
67 96 97 
67 97 68 
68 97 98 
68 98 69 
69 98 99 
69 99 70 
70 99 100 
70 100 71 
71 100 101 
71 101 72 
72 101 102 
72 102 73 
73 102 103 
73 103 74 
74 103 104 
74 104 75 
75 104 105 
75 105 76 
76 105 106 
76 106 77 
77 106 107 
77 107 78 
78 107 108 
78 108 79 
79 108 109 
79 109 80 
80 109 110 
80 110 81 
81 110 111 
81 111 82 
82 111 112 
82 112 83 
83 112 113 
83 113 84 
84 113 114 
84 114 85 
85 114 115 
85 115 86 
86 115 116 
86 116 87 
87 116 117 
87 117 88 
88 117 118 
88 118 89 
89 118 119 
89 119 90 
90 119 120 
90 120 61 
61 120 91 
91 121 92 
92 121 122 
92 122 93 
93 122 123 
93 123 94 
94 123 124 
94 124 95 
95 124 125 
95 125 96 
96 125 126 
96 126 97 
97 126 127 
97 127 98 
98 127 128 
98 128 99 
99 128 129 
99 129 100 
100 129 130 
100 130 101 
101 130 131 
101 131 102 
102 131 132 
102 132 103 
103 132 133 
103 133 104 
104 133 134 
104 134 105 
105 134 135 
105 135 106 
106 135 136 
106 136 107 
107 136 137 
107 137 108 
108 137 138 
108 138 109 
109 138 139 
109 139 110 
110 139 140 
110 140 111 
111 140 141 
111 141 112 
112 141 142 
112 142 113 
113 142 143 
113 143 114 
114 143 144 
114 144 115 
115 144 145 
115 145 116 
116 145 146 
116 146 117 
117 146 147 
117 147 118 
118 147 148 
118 148 119 
119 148 149 
119 149 120 
120 149 150 
120 150 91 
91 150 121 
121 151 122 
122 151 152 
122 152 123 
123 152 153 
123 153 124 
124 153 154 
124 154 125 
125 154 155 
125 155 126 
126 155 156 
126 156 127 
127 156 157 
127 157 128 
128 157 158 
128 158 129 
129 158 159 
129 159 130 
130 159 160 
130 160 131 
131 160 161 
131 161 132 
132 161 162 
132 162 133 
133 162 163 
133 163 134 
134 163 164 
134 164 135 
135 164 165 
135 165 136 
136 165 166 
136 166 137 
137 166 167 
137 167 138 
138 167 168 
138 168 139 
139 168 169 
139 169 140 
140 169 170 
140 170 141 
141 170 171 
141 171 142 
142 171 172 
142 172 143 
143 172 173 
143 173 144 
144 173 174 
144 174 145 
145 174 175 
145 175 146 
146 175 176 
146 176 147 
147 176 177 
147 177 148 
148 177 178 
148 178 149 
149 178 179 
149 179 150 
150 179 180 
150 180 121 
121 180 151 
151 181 152 
152 181 182 
152 182 153 
153 182 183 
153 183 154 
154 183 184 
154 184 155 
155 184 185 
155 185 156 
156 185 186 
156 186 157 
157 186 187 
157 187 158 
158 187 188 
158 188 159 
159 188 189 
159 189 160 
160 189 190 
160 190 161 
161 190 191 
161 191 162 
162 191 192 
162 192 163 
163 192 193 
163 193 164 
164 193 194 
164 194 165 
165 194 195 
165 195 166 
166 195 196 
166 196 167 
167 196 197 
167 197 168 
168 197 198 
168 198 169 
169 198 199 
169 199 170 
170 199 200 
170 200 171 
171 200 201 
171 201 172 
172 201 202 
172 202 173 
173 202 203 
173 203 174 
174 203 204 
174 204 175 
175 204 205 
175 205 176 
176 205 206 
176 206 177 
177 206 207 
177 207 178 
178 207 208 
178 208 179 
179 208 209 
179 209 180 
180 209 210 
180 210 151 
151 210 181 
181 211 182 
182 211 212 
182 212 183 
183 212 213 
183 213 184 
184 213 214 
184 214 185 
185 214 215 
185 215 186 
186 215 216 
186 216 187 
187 216 217 
187 217 188 
188 217 218 
188 218 189 
189 218 219 
189 219 190 
190 219 220 
190 220 191 
191 220 221 
191 221 192 
192 221 222 
192 222 193 
193 222 223 
193 223 194 
194 223 224 
194 224 195 
195 224 225 
195 225 196 
196 225 226 
196 226 197 
197 226 227 
197 227 198 
198 227 228 
198 228 199 
199 228 229 
199 229 200 
200 229 230 
200 230 201 
201 230 231 
201 231 202 
202 231 232 
202 232 203 
203 232 233 
203 233 204 
204 233 234 
204 234 205 
205 234 235 
205 235 206 
206 235 236 
206 236 207 
207 236 237 
207 237 208 
208 237 238 
208 238 209 
209 238 239 
209 239 210 
210 239 240 
210 240 181 
181 240 211 
211 241 212 
212 241 242 
212 242 213 
213 242 243 
213 243 214 
214 243 244 
214 244 215 
215 244 245 
215 245 216 
216 245 246 
216 246 217 
217 246 247 
217 247 218 
218 247 248 
218 248 219 
219 248 249 
219 249 220 
220 249 250 
220 250 221 
221 250 251 
221 251 222 
222 251 252 
222 252 223 
223 252 253 
223 253 224 
224 253 254 
224 254 225 
225 254 255 
225 255 226 
226 255 256 
226 256 227 
227 256 257 
227 257 228 
228 257 258 
228 258 229 
229 258 259 
229 259 230 
230 259 260 
230 260 231 
231 260 261 
231 261 232 
232 261 262 
232 262 233 
233 262 263 
233 263 234 
234 263 264 
234 264 235 
235 264 265 
235 265 236 
236 265 266 
236 266 237 
237 266 267 
237 267 238 
238 267 268 
238 268 239 
239 268 269 
239 269 240 
240 269 270 
240 270 211 
211 270 241 
241 271 242 
242 271 272 
242 272 243 
243 272 273 
243 273 244 
244 273 274 
244 274 245 
245 274 275 
245 275 246 
246 275 276 
246 276 247 
247 276 277 
247 277 248 
248 277 278 
248 278 249 
249 278 279 
249 279 250 
250 279 280 
250 280 251 
251 280 281 
251 281 252 
252 281 282 
252 282 253 
253 282 283 
253 283 254 
254 283 284 
254 284 255 
255 284 285 
255 285 256 
256 285 286 
256 286 257 
257 286 287 
257 287 258 
258 287 288 
258 288 259 
259 288 289 
259 289 260 
260 289 290 
260 290 261 
261 290 291 
261 291 262 
262 291 292 
262 292 263 
263 292 293 
263 293 264 
264 293 294 
264 294 265 
265 294 295 
265 295 266 
266 295 296 
266 296 267 
267 296 297 
267 297 268 
268 297 298 
268 298 269 
269 298 299 
269 299 270 
270 299 300 
270 300 241 
241 300 271 
271 301 272 
272 301 302 
272 302 273 
273 302 303 
273 303 274 
274 303 304 
274 304 275 
275 304 305 
275 305 276 
276 305 306 
276 306 277 
277 306 307 
277 307 278 
278 307 308 
278 308 279 
279 308 309 
279 309 280 
280 309 310 
280 310 281 
281 310 311 
281 311 282 
282 311 312 
282 312 283 
283 312 313 
283 313 284 
284 313 314 
284 314 285 
285 314 315 
285 315 286 
286 315 316 
286 316 287 
287 316 317 
287 317 288 
288 317 318 
288 318 289 
289 318 319 
289 319 290 
290 319 320 
290 320 291 
291 320 321 
291 321 292 
292 321 322 
292 322 293 
293 322 323 
293 323 294 
294 323 324 
294 324 295 
295 324 325 
295 325 296 
296 325 326 
296 326 297 
297 326 327 
297 327 298 
298 327 328 
298 328 299 
299 328 329 
299 329 300 
300 329 330 
300 330 271 
271 330 301 
301 331 302 
302 331 332 
302 332 303 
303 332 333 
303 333 304 
304 333 334 
304 334 305 
305 334 335 
305 335 306 
306 335 336 
306 336 307 
307 336 337 
307 337 308 
308 337 338 
308 338 309 
309 338 339 
309 339 310 
310 339 340 
310 340 311 
311 340 341 
311 341 312 
312 341 342 
312 342 313 
313 342 343 
313 343 314 
314 343 344 
314 344 315 
315 344 345 
315 345 316 
316 345 346 
316 346 317 
317 346 347 
317 347 318 
318 347 348 
318 348 319 
319 348 349 
319 349 320 
320 349 350 
320 350 321 
321 350 351 
321 351 322 
322 351 352 
322 352 323 
323 352 353 
323 353 324 
324 353 354 
324 354 325 
325 354 355 
325 355 326 
326 355 356 
326 356 327 
327 356 357 
327 357 328 
328 357 358 
328 358 329 
329 358 359 
329 359 330 
330 359 360 
330 360 301 
301 360 331 
331 361 332 
332 361 362 
332 362 333 
333 362 363 
333 363 334 
334 363 364 
334 364 335 
335 364 365 
335 365 336 
336 365 366 
336 366 337 
337 366 367 
337 367 338 
338 367 368 
338 368 339 
339 368 369 
339 369 340 
340 369 370 
340 370 341 
341 370 371 
341 371 342 
342 371 372 
342 372 343 
343 372 373 
343 373 344 
344 373 374 
344 374 345 
345 374 375 
345 375 346 
346 375 376 
346 376 347 
347 376 377 
347 377 348 
348 377 378 
348 378 349 
349 378 379 
349 379 350 
350 379 380 
350 380 351 
351 380 381 
351 381 352 
352 381 382 
352 382 353 
353 382 383 
353 383 354 
354 383 384 
354 384 355 
355 384 385 
355 385 356 
356 385 386 
356 386 357 
357 386 387 
357 387 358 
358 387 388 
358 388 359 
359 388 389 
359 389 360 
360 389 390 
360 390 331 
331 390 361 
361 391 362 
362 391 392 
362 392 363 
363 392 393 
363 393 364 
364 393 394 
364 394 365 
365 394 395 
365 395 366 
366 395 396 
366 396 367 
367 396 397 
367 397 368 
368 397 398 
368 398 369 
369 398 399 
369 399 370 
370 399 400 
370 400 371 
371 400 401 
371 401 372 
372 401 402 
372 402 373 
373 402 403 
373 403 374 
374 403 404 
374 404 375 
375 404 405 
375 405 376 
376 405 406 
376 406 377 
377 406 407 
377 407 378 
378 407 408 
378 408 379 
379 408 409 
379 409 380 
380 409 410 
380 410 381 
381 410 411 
381 411 382 
382 411 412 
382 412 383 
383 412 413 
383 413 384 
384 413 414 
384 414 385 
385 414 415 
385 415 386 
386 415 416 
386 416 387 
387 416 417 
387 417 388 
388 417 418 
388 418 389 
389 418 419 
389 419 390 
390 419 420 
390 420 361 
361 420 391 
391 421 392 
392 421 422 
392 422 393 
393 422 423 
393 423 394 
394 423 424 
394 424 395 
395 424 425 
395 425 396 
396 425 426 
396 426 397 
397 426 427 
397 427 398 
398 427 428 
398 428 399 
399 428 429 
399 429 400 
400 429 430 
400 430 401 
401 430 431 
401 431 402 
402 431 432 
402 432 403 
403 432 433 
403 433 404 
404 433 434 
404 434 405 
405 434 435 
405 435 406 
406 435 436 
406 436 407 
407 436 437 
407 437 408 
408 437 438 
408 438 409 
409 438 439 
409 439 410 
410 439 440 
410 440 411 
411 440 441 
411 441 412 
412 441 442 
412 442 413 
413 442 443 
413 443 414 
414 443 444 
414 444 415 
415 444 445 
415 445 416 
416 445 446 
416 446 417 
417 446 447 
417 447 418 
418 447 448 
418 448 419 
419 448 449 
419 449 420 
420 449 450 
420 450 391 
391 450 421 
421 451 422 
451 451 422 
422 451 423 
451 451 423 
423 451 424 
451 451 424 
424 451 425 
451 451 425 
425 451 426 
451 451 426 
426 451 427 
451 451 427 
427 451 428 
451 451 428 
428 451 429 
451 451 429 
429 451 430 
451 451 430 
430 451 431 
451 451 431 
431 451 432 
451 451 432 
432 451 433 
451 451 433 
433 451 434 
451 451 434 
434 451 435 
451 451 435 
435 451 436 
451 451 436 
436 451 437 
451 451 437 
437 451 438 
451 451 438 
438 451 439 
451 451 439 
439 451 440 
451 451 440 
440 451 441 
451 451 441 
441 451 442 
451 451 442 
442 451 443 
451 451 443 
443 451 444 
451 451 444 
444 451 445 
451 451 445 
445 451 446 
451 451 446 
446 451 447 
451 451 447 
447 451 448 
451 451 448 
448 451 449 
451 451 449 
449 451 450 
451 451 450 
450 451 421 
451 451 421 
tex_vertices
0    0    
0,0333333333333333 0    
0,0666666666666667 0    
0,1  0    
0,133333333333333 0    
0,166666666666667 0    
0,2  0    
0,233333333333333 0    
0,266666666666667 0    
0,3  0    
0,333333333333333 0    
0,366666666666667 0    
0,4  0    
0,433333333333333 0    
0,466666666666667 0    
0,5  0    
0,533333333333333 0    
0,566666666666667 0    
0,6  0    
0,633333333333333 0    
0,666666666666667 0    
0,7  0    
0,733333333333333 0    
0,766666666666667 0    
0,8  0    
0,833333333333333 0    
0,866666666666667 0    
0,9  0    
0,933333333333333 0    
0,966666666666667 0    
1    0    
0    0,0666666666666667 
0,0333333333333333 0,0666666666666667 
0,0666666666666667 0,0666666666666667 
0,1  0,0666666666666667 
0,133333333333333 0,0666666666666667 
0,166666666666667 0,0666666666666667 
0,2  0,0666666666666667 
0,233333333333333 0,0666666666666667 
0,266666666666667 0,0666666666666667 
0,3  0,0666666666666667 
0,333333333333333 0,0666666666666667 
0,366666666666667 0,0666666666666667 
0,4  0,0666666666666667 
0,433333333333333 0,0666666666666667 
0,466666666666667 0,0666666666666667 
0,5  0,0666666666666667 
0,533333333333333 0,0666666666666667 
0,566666666666667 0,0666666666666667 
0,6  0,0666666666666667 
0,633333333333333 0,0666666666666667 
0,666666666666667 0,0666666666666667 
0,7  0,0666666666666667 
0,733333333333333 0,0666666666666667 
0,766666666666667 0,0666666666666667 
0,8  0,0666666666666667 
0,833333333333333 0,0666666666666667 
0,866666666666667 0,0666666666666667 
0,9  0,0666666666666667 
0,933333333333333 0,0666666666666667 
0,966666666666667 0,0666666666666667 
1    0,0666666666666667 
0    0,133333333333333 
0,0333333333333333 0,133333333333333 
0,0666666666666667 0,133333333333333 
0,1  0,133333333333333 
0,133333333333333 0,133333333333333 
0,166666666666667 0,133333333333333 
0,2  0,133333333333333 
0,233333333333333 0,133333333333333 
0,266666666666667 0,133333333333333 
0,3  0,133333333333333 
0,333333333333333 0,133333333333333 
0,366666666666667 0,133333333333333 
0,4  0,133333333333333 
0,433333333333333 0,133333333333333 
0,466666666666667 0,133333333333333 
0,5  0,133333333333333 
0,533333333333333 0,133333333333333 
0,566666666666667 0,133333333333333 
0,6  0,133333333333333 
0,633333333333333 0,133333333333333 
0,666666666666667 0,133333333333333 
0,7  0,133333333333333 
0,733333333333333 0,133333333333333 
0,766666666666667 0,133333333333333 
0,8  0,133333333333333 
0,833333333333333 0,133333333333333 
0,866666666666667 0,133333333333333 
0,9  0,133333333333333 
0,933333333333333 0,133333333333333 
0,966666666666667 0,133333333333333 
1    0,133333333333333 
0    0,2  
0,0333333333333333 0,2  
0,0666666666666667 0,2  
0,1  0,2  
0,133333333333333 0,2  
0,166666666666667 0,2  
0,2  0,2  
0,233333333333333 0,2  
0,266666666666667 0,2  
0,3  0,2  
0,333333333333333 0,2  
0,366666666666667 0,2  
0,4  0,2  
0,433333333333333 0,2  
0,466666666666667 0,2  
0,5  0,2  
0,533333333333333 0,2  
0,566666666666667 0,2  
0,6  0,2  
0,633333333333333 0,2  
0,666666666666667 0,2  
0,7  0,2  
0,733333333333333 0,2  
0,766666666666667 0,2  
0,8  0,2  
0,833333333333333 0,2  
0,866666666666667 0,2  
0,9  0,2  
0,933333333333333 0,2  
0,966666666666667 0,2  
1    0,2  
0    0,266666666666667 
0,0333333333333333 0,266666666666667 
0,0666666666666667 0,266666666666667 
0,1  0,266666666666667 
0,133333333333333 0,266666666666667 
0,166666666666667 0,266666666666667 
0,2  0,266666666666667 
0,233333333333333 0,266666666666667 
0,266666666666667 0,266666666666667 
0,3  0,266666666666667 
0,333333333333333 0,266666666666667 
0,366666666666667 0,266666666666667 
0,4  0,266666666666667 
0,433333333333333 0,266666666666667 
0,466666666666667 0,266666666666667 
0,5  0,266666666666667 
0,533333333333333 0,266666666666667 
0,566666666666667 0,266666666666667 
0,6  0,266666666666667 
0,633333333333333 0,266666666666667 
0,666666666666667 0,266666666666667 
0,7  0,266666666666667 
0,733333333333333 0,266666666666667 
0,766666666666667 0,266666666666667 
0,8  0,266666666666667 
0,833333333333333 0,266666666666667 
0,866666666666667 0,266666666666667 
0,9  0,266666666666667 
0,933333333333333 0,266666666666667 
0,966666666666667 0,266666666666667 
1    0,266666666666667 
0    0,333333333333333 
0,0333333333333333 0,333333333333333 
0,0666666666666667 0,333333333333333 
0,1  0,333333333333333 
0,133333333333333 0,333333333333333 
0,166666666666667 0,333333333333333 
0,2  0,333333333333333 
0,233333333333333 0,333333333333333 
0,266666666666667 0,333333333333333 
0,3  0,333333333333333 
0,333333333333333 0,333333333333333 
0,366666666666667 0,333333333333333 
0,4  0,333333333333333 
0,433333333333333 0,333333333333333 
0,466666666666667 0,333333333333333 
0,5  0,333333333333333 
0,533333333333333 0,333333333333333 
0,566666666666667 0,333333333333333 
0,6  0,333333333333333 
0,633333333333333 0,333333333333333 
0,666666666666667 0,333333333333333 
0,7  0,333333333333333 
0,733333333333333 0,333333333333333 
0,766666666666667 0,333333333333333 
0,8  0,333333333333333 
0,833333333333333 0,333333333333333 
0,866666666666667 0,333333333333333 
0,9  0,333333333333333 
0,933333333333333 0,333333333333333 
0,966666666666667 0,333333333333333 
1    0,333333333333333 
0    0,4  
0,0333333333333333 0,4  
0,0666666666666667 0,4  
0,1  0,4  
0,133333333333333 0,4  
0,166666666666667 0,4  
0,2  0,4  
0,233333333333333 0,4  
0,266666666666667 0,4  
0,3  0,4  
0,333333333333333 0,4  
0,366666666666667 0,4  
0,4  0,4  
0,433333333333333 0,4  
0,466666666666667 0,4  
0,5  0,4  
0,533333333333333 0,4  
0,566666666666667 0,4  
0,6  0,4  
0,633333333333333 0,4  
0,666666666666667 0,4  
0,7  0,4  
0,733333333333333 0,4  
0,766666666666667 0,4  
0,8  0,4  
0,833333333333333 0,4  
0,866666666666667 0,4  
0,9  0,4  
0,933333333333333 0,4  
0,966666666666667 0,4  
1    0,4  
0    0,466666666666667 
0,0333333333333333 0,466666666666667 
0,0666666666666667 0,466666666666667 
0,1  0,466666666666667 
0,133333333333333 0,466666666666667 
0,166666666666667 0,466666666666667 
0,2  0,466666666666667 
0,233333333333333 0,466666666666667 
0,266666666666667 0,466666666666667 
0,3  0,466666666666667 
0,333333333333333 0,466666666666667 
0,366666666666667 0,466666666666667 
0,4  0,466666666666667 
0,433333333333333 0,466666666666667 
0,466666666666667 0,466666666666667 
0,5  0,466666666666667 
0,533333333333333 0,466666666666667 
0,566666666666667 0,466666666666667 
0,6  0,466666666666667 
0,633333333333333 0,466666666666667 
0,666666666666667 0,466666666666667 
0,7  0,466666666666667 
0,733333333333333 0,466666666666667 
0,766666666666667 0,466666666666667 
0,8  0,466666666666667 
0,833333333333333 0,466666666666667 
0,866666666666667 0,466666666666667 
0,9  0,466666666666667 
0,933333333333333 0,466666666666667 
0,966666666666667 0,466666666666667 
1    0,466666666666667 
0    0,533333333333333 
0,0333333333333333 0,533333333333333 
0,0666666666666667 0,533333333333333 
0,1  0,533333333333333 
0,133333333333333 0,533333333333333 
0,166666666666667 0,533333333333333 
0,2  0,533333333333333 
0,233333333333333 0,533333333333333 
0,266666666666667 0,533333333333333 
0,3  0,533333333333333 
0,333333333333333 0,533333333333333 
0,366666666666667 0,533333333333333 
0,4  0,533333333333333 
0,433333333333333 0,533333333333333 
0,466666666666667 0,533333333333333 
0,5  0,533333333333333 
0,533333333333333 0,533333333333333 
0,566666666666667 0,533333333333333 
0,6  0,533333333333333 
0,633333333333333 0,533333333333333 
0,666666666666667 0,533333333333333 
0,7  0,533333333333333 
0,733333333333333 0,533333333333333 
0,766666666666667 0,533333333333333 
0,8  0,533333333333333 
0,833333333333333 0,533333333333333 
0,866666666666667 0,533333333333333 
0,9  0,533333333333333 
0,933333333333333 0,533333333333333 
0,966666666666667 0,533333333333333 
1    0,533333333333333 
0    0,6  
0,0333333333333333 0,6  
0,0666666666666667 0,6  
0,1  0,6  
0,133333333333333 0,6  
0,166666666666667 0,6  
0,2  0,6  
0,233333333333333 0,6  
0,266666666666667 0,6  
0,3  0,6  
0,333333333333333 0,6  
0,366666666666667 0,6  
0,4  0,6  
0,433333333333333 0,6  
0,466666666666667 0,6  
0,5  0,6  
0,533333333333333 0,6  
0,566666666666667 0,6  
0,6  0,6  
0,633333333333333 0,6  
0,666666666666667 0,6  
0,7  0,6  
0,733333333333333 0,6  
0,766666666666667 0,6  
0,8  0,6  
0,833333333333333 0,6  
0,866666666666667 0,6  
0,9  0,6  
0,933333333333333 0,6  
0,966666666666667 0,6  
1    0,6  
0    0,666666666666667 
0,0333333333333333 0,666666666666667 
0,0666666666666667 0,666666666666667 
0,1  0,666666666666667 
0,133333333333333 0,666666666666667 
0,166666666666667 0,666666666666667 
0,2  0,666666666666667 
0,233333333333333 0,666666666666667 
0,266666666666667 0,666666666666667 
0,3  0,666666666666667 
0,333333333333333 0,666666666666667 
0,366666666666667 0,666666666666667 
0,4  0,666666666666667 
0,433333333333333 0,666666666666667 
0,466666666666667 0,666666666666667 
0,5  0,666666666666667 
0,533333333333333 0,666666666666667 
0,566666666666667 0,666666666666667 
0,6  0,666666666666667 
0,633333333333333 0,666666666666667 
0,666666666666667 0,666666666666667 
0,7  0,666666666666667 
0,733333333333333 0,666666666666667 
0,766666666666667 0,666666666666667 
0,8  0,666666666666667 
0,833333333333333 0,666666666666667 
0,866666666666667 0,666666666666667 
0,9  0,666666666666667 
0,933333333333333 0,666666666666667 
0,966666666666667 0,666666666666667 
1    0,666666666666667 
0    0,733333333333333 
0,0333333333333333 0,733333333333333 
0,0666666666666667 0,733333333333333 
0,1  0,733333333333333 
0,133333333333333 0,733333333333333 
0,166666666666667 0,733333333333333 
0,2  0,733333333333333 
0,233333333333333 0,733333333333333 
0,266666666666667 0,733333333333333 
0,3  0,733333333333333 
0,333333333333333 0,733333333333333 
0,366666666666667 0,733333333333333 
0,4  0,733333333333333 
0,433333333333333 0,733333333333333 
0,466666666666667 0,733333333333333 
0,5  0,733333333333333 
0,533333333333333 0,733333333333333 
0,566666666666667 0,733333333333333 
0,6  0,733333333333333 
0,633333333333333 0,733333333333333 
0,666666666666667 0,733333333333333 
0,7  0,733333333333333 
0,733333333333333 0,733333333333333 
0,766666666666667 0,733333333333333 
0,8  0,733333333333333 
0,833333333333333 0,733333333333333 
0,866666666666667 0,733333333333333 
0,9  0,733333333333333 
0,933333333333333 0,733333333333333 
0,966666666666667 0,733333333333333 
1    0,733333333333333 
0    0,8  
0,0333333333333333 0,8  
0,0666666666666667 0,8  
0,1  0,8  
0,133333333333333 0,8  
0,166666666666667 0,8  
0,2  0,8  
0,233333333333333 0,8  
0,266666666666667 0,8  
0,3  0,8  
0,333333333333333 0,8  
0,366666666666667 0,8  
0,4  0,8  
0,433333333333333 0,8  
0,466666666666667 0,8  
0,5  0,8  
0,533333333333333 0,8  
0,566666666666667 0,8  
0,6  0,8  
0,633333333333333 0,8  
0,666666666666667 0,8  
0,7  0,8  
0,733333333333333 0,8  
0,766666666666667 0,8  
0,8  0,8  
0,833333333333333 0,8  
0,866666666666667 0,8  
0,9  0,8  
0,933333333333333 0,8  
0,966666666666667 0,8  
1    0,8  
0    0,866666666666667 
0,0333333333333333 0,866666666666667 
0,0666666666666667 0,866666666666667 
0,1  0,866666666666667 
0,133333333333333 0,866666666666667 
0,166666666666667 0,866666666666667 
0,2  0,866666666666667 
0,233333333333333 0,866666666666667 
0,266666666666667 0,866666666666667 
0,3  0,866666666666667 
0,333333333333333 0,866666666666667 
0,366666666666667 0,866666666666667 
0,4  0,866666666666667 
0,433333333333333 0,866666666666667 
0,466666666666667 0,866666666666667 
0,5  0,866666666666667 
0,533333333333333 0,866666666666667 
0,566666666666667 0,866666666666667 
0,6  0,866666666666667 
0,633333333333333 0,866666666666667 
0,666666666666667 0,866666666666667 
0,7  0,866666666666667 
0,733333333333333 0,866666666666667 
0,766666666666667 0,866666666666667 
0,8  0,866666666666667 
0,833333333333333 0,866666666666667 
0,866666666666667 0,866666666666667 
0,9  0,866666666666667 
0,933333333333333 0,866666666666667 
0,966666666666667 0,866666666666667 
1    0,866666666666667 
0    0,933333333333333 
0,0333333333333333 0,933333333333333 
0,0666666666666667 0,933333333333333 
0,1  0,933333333333333 
0,133333333333333 0,933333333333333 
0,166666666666667 0,933333333333333 
0,2  0,933333333333333 
0,233333333333333 0,933333333333333 
0,266666666666667 0,933333333333333 
0,3  0,933333333333333 
0,333333333333333 0,933333333333333 
0,366666666666667 0,933333333333333 
0,4  0,933333333333333 
0,433333333333333 0,933333333333333 
0,466666666666667 0,933333333333333 
0,5  0,933333333333333 
0,533333333333333 0,933333333333333 
0,566666666666667 0,933333333333333 
0,6  0,933333333333333 
0,633333333333333 0,933333333333333 
0,666666666666667 0,933333333333333 
0,7  0,933333333333333 
0,733333333333333 0,933333333333333 
0,766666666666667 0,933333333333333 
0,8  0,933333333333333 
0,833333333333333 0,933333333333333 
0,866666666666667 0,933333333333333 
0,9  0,933333333333333 
0,933333333333333 0,933333333333333 
0,966666666666667 0,933333333333333 
1    0,933333333333333 
0    1    
0,0333333333333333 1    
0,0666666666666667 1    
0,1  1    
0,133333333333333 1    
0,166666666666667 1    
0,2  1    
0,233333333333333 1    
0,266666666666667 1    
0,3  1    
0,333333333333333 1    
0,366666666666667 1    
0,4  1    
0,433333333333333 1    
0,466666666666667 1    
0,5  1    
0,533333333333333 1    
0,566666666666667 1    
0,6  1    
0,633333333333333 1    
0,666666666666667 1    
0,7  1    
0,733333333333333 1    
0,766666666666667 1    
0,8  1    
0,833333333333333 1    
0,866666666666667 1    
0,9  1    
0,933333333333333 1    
0,966666666666667 1    
1    1    
tex_faces
1 32 2 
2 32 33 
2 33 3 
3 33 34 
3 34 4 
4 34 35 
4 35 5 
5 35 36 
5 36 6 
6 36 37 
6 37 7 
7 37 38 
7 38 8 
8 38 39 
8 39 9 
9 39 40 
9 40 10 
10 40 41 
10 41 11 
11 41 42 
11 42 12 
12 42 43 
12 43 13 
13 43 44 
13 44 14 
14 44 45 
14 45 15 
15 45 46 
15 46 16 
16 46 47 
16 47 17 
17 47 48 
17 48 18 
18 48 49 
18 49 19 
19 49 50 
19 50 20 
20 50 51 
20 51 21 
21 51 52 
21 52 22 
22 52 53 
22 53 23 
23 53 54 
23 54 24 
24 54 55 
24 55 25 
25 55 56 
25 56 26 
26 56 57 
26 57 27 
27 57 58 
27 58 28 
28 58 59 
28 59 29 
29 59 60 
29 60 30 
30 60 61 
30 61 31 
31 61 62 
32 63 33 
33 63 64 
33 64 34 
34 64 65 
34 65 35 
35 65 66 
35 66 36 
36 66 67 
36 67 37 
37 67 68 
37 68 38 
38 68 69 
38 69 39 
39 69 70 
39 70 40 
40 70 71 
40 71 41 
41 71 72 
41 72 42 
42 72 73 
42 73 43 
43 73 74 
43 74 44 
44 74 75 
44 75 45 
45 75 76 
45 76 46 
46 76 77 
46 77 47 
47 77 78 
47 78 48 
48 78 79 
48 79 49 
49 79 80 
49 80 50 
50 80 81 
50 81 51 
51 81 82 
51 82 52 
52 82 83 
52 83 53 
53 83 84 
53 84 54 
54 84 85 
54 85 55 
55 85 86 
55 86 56 
56 86 87 
56 87 57 
57 87 88 
57 88 58 
58 88 89 
58 89 59 
59 89 90 
59 90 60 
60 90 91 
60 91 61 
61 91 92 
61 92 62 
62 92 93 
63 94 64 
64 94 95 
64 95 65 
65 95 96 
65 96 66 
66 96 97 
66 97 67 
67 97 98 
67 98 68 
68 98 99 
68 99 69 
69 99 100 
69 100 70 
70 100 101 
70 101 71 
71 101 102 
71 102 72 
72 102 103 
72 103 73 
73 103 104 
73 104 74 
74 104 105 
74 105 75 
75 105 106 
75 106 76 
76 106 107 
76 107 77 
77 107 108 
77 108 78 
78 108 109 
78 109 79 
79 109 110 
79 110 80 
80 110 111 
80 111 81 
81 111 112 
81 112 82 
82 112 113 
82 113 83 
83 113 114 
83 114 84 
84 114 115 
84 115 85 
85 115 116 
85 116 86 
86 116 117 
86 117 87 
87 117 118 
87 118 88 
88 118 119 
88 119 89 
89 119 120 
89 120 90 
90 120 121 
90 121 91 
91 121 122 
91 122 92 
92 122 123 
92 123 93 
93 123 124 
94 125 95 
95 125 126 
95 126 96 
96 126 127 
96 127 97 
97 127 128 
97 128 98 
98 128 129 
98 129 99 
99 129 130 
99 130 100 
100 130 131 
100 131 101 
101 131 132 
101 132 102 
102 132 133 
102 133 103 
103 133 134 
103 134 104 
104 134 135 
104 135 105 
105 135 136 
105 136 106 
106 136 137 
106 137 107 
107 137 138 
107 138 108 
108 138 139 
108 139 109 
109 139 140 
109 140 110 
110 140 141 
110 141 111 
111 141 142 
111 142 112 
112 142 143 
112 143 113 
113 143 144 
113 144 114 
114 144 145 
114 145 115 
115 145 146 
115 146 116 
116 146 147 
116 147 117 
117 147 148 
117 148 118 
118 148 149 
118 149 119 
119 149 150 
119 150 120 
120 150 151 
120 151 121 
121 151 152 
121 152 122 
122 152 153 
122 153 123 
123 153 154 
123 154 124 
124 154 155 
125 156 126 
126 156 157 
126 157 127 
127 157 158 
127 158 128 
128 158 159 
128 159 129 
129 159 160 
129 160 130 
130 160 161 
130 161 131 
131 161 162 
131 162 132 
132 162 163 
132 163 133 
133 163 164 
133 164 134 
134 164 165 
134 165 135 
135 165 166 
135 166 136 
136 166 167 
136 167 137 
137 167 168 
137 168 138 
138 168 169 
138 169 139 
139 169 170 
139 170 140 
140 170 171 
140 171 141 
141 171 172 
141 172 142 
142 172 173 
142 173 143 
143 173 174 
143 174 144 
144 174 175 
144 175 145 
145 175 176 
145 176 146 
146 176 177 
146 177 147 
147 177 178 
147 178 148 
148 178 179 
148 179 149 
149 179 180 
149 180 150 
150 180 181 
150 181 151 
151 181 182 
151 182 152 
152 182 183 
152 183 153 
153 183 184 
153 184 154 
154 184 185 
154 185 155 
155 185 186 
156 187 157 
157 187 188 
157 188 158 
158 188 189 
158 189 159 
159 189 190 
159 190 160 
160 190 191 
160 191 161 
161 191 192 
161 192 162 
162 192 193 
162 193 163 
163 193 194 
163 194 164 
164 194 195 
164 195 165 
165 195 196 
165 196 166 
166 196 197 
166 197 167 
167 197 198 
167 198 168 
168 198 199 
168 199 169 
169 199 200 
169 200 170 
170 200 201 
170 201 171 
171 201 202 
171 202 172 
172 202 203 
172 203 173 
173 203 204 
173 204 174 
174 204 205 
174 205 175 
175 205 206 
175 206 176 
176 206 207 
176 207 177 
177 207 208 
177 208 178 
178 208 209 
178 209 179 
179 209 210 
179 210 180 
180 210 211 
180 211 181 
181 211 212 
181 212 182 
182 212 213 
182 213 183 
183 213 214 
183 214 184 
184 214 215 
184 215 185 
185 215 216 
185 216 186 
186 216 217 
187 218 188 
188 218 219 
188 219 189 
189 219 220 
189 220 190 
190 220 221 
190 221 191 
191 221 222 
191 222 192 
192 222 223 
192 223 193 
193 223 224 
193 224 194 
194 224 225 
194 225 195 
195 225 226 
195 226 196 
196 226 227 
196 227 197 
197 227 228 
197 228 198 
198 228 229 
198 229 199 
199 229 230 
199 230 200 
200 230 231 
200 231 201 
201 231 232 
201 232 202 
202 232 233 
202 233 203 
203 233 234 
203 234 204 
204 234 235 
204 235 205 
205 235 236 
205 236 206 
206 236 237 
206 237 207 
207 237 238 
207 238 208 
208 238 239 
208 239 209 
209 239 240 
209 240 210 
210 240 241 
210 241 211 
211 241 242 
211 242 212 
212 242 243 
212 243 213 
213 243 244 
213 244 214 
214 244 245 
214 245 215 
215 245 246 
215 246 216 
216 246 247 
216 247 217 
217 247 248 
218 249 219 
219 249 250 
219 250 220 
220 250 251 
220 251 221 
221 251 252 
221 252 222 
222 252 253 
222 253 223 
223 253 254 
223 254 224 
224 254 255 
224 255 225 
225 255 256 
225 256 226 
226 256 257 
226 257 227 
227 257 258 
227 258 228 
228 258 259 
228 259 229 
229 259 260 
229 260 230 
230 260 261 
230 261 231 
231 261 262 
231 262 232 
232 262 263 
232 263 233 
233 263 264 
233 264 234 
234 264 265 
234 265 235 
235 265 266 
235 266 236 
236 266 267 
236 267 237 
237 267 268 
237 268 238 
238 268 269 
238 269 239 
239 269 270 
239 270 240 
240 270 271 
240 271 241 
241 271 272 
241 272 242 
242 272 273 
242 273 243 
243 273 274 
243 274 244 
244 274 275 
244 275 245 
245 275 276 
245 276 246 
246 276 277 
246 277 247 
247 277 278 
247 278 248 
248 278 279 
249 280 250 
250 280 281 
250 281 251 
251 281 282 
251 282 252 
252 282 283 
252 283 253 
253 283 284 
253 284 254 
254 284 285 
254 285 255 
255 285 286 
255 286 256 
256 286 287 
256 287 257 
257 287 288 
257 288 258 
258 288 289 
258 289 259 
259 289 290 
259 290 260 
260 290 291 
260 291 261 
261 291 292 
261 292 262 
262 292 293 
262 293 263 
263 293 294 
263 294 264 
264 294 295 
264 295 265 
265 295 296 
265 296 266 
266 296 297 
266 297 267 
267 297 298 
267 298 268 
268 298 299 
268 299 269 
269 299 300 
269 300 270 
270 300 301 
270 301 271 
271 301 302 
271 302 272 
272 302 303 
272 303 273 
273 303 304 
273 304 274 
274 304 305 
274 305 275 
275 305 306 
275 306 276 
276 306 307 
276 307 277 
277 307 308 
277 308 278 
278 308 309 
278 309 279 
279 309 310 
280 311 281 
281 311 312 
281 312 282 
282 312 313 
282 313 283 
283 313 314 
283 314 284 
284 314 315 
284 315 285 
285 315 316 
285 316 286 
286 316 317 
286 317 287 
287 317 318 
287 318 288 
288 318 319 
288 319 289 
289 319 320 
289 320 290 
290 320 321 
290 321 291 
291 321 322 
291 322 292 
292 322 323 
292 323 293 
293 323 324 
293 324 294 
294 324 325 
294 325 295 
295 325 326 
295 326 296 
296 326 327 
296 327 297 
297 327 328 
297 328 298 
298 328 329 
298 329 299 
299 329 330 
299 330 300 
300 330 331 
300 331 301 
301 331 332 
301 332 302 
302 332 333 
302 333 303 
303 333 334 
303 334 304 
304 334 335 
304 335 305 
305 335 336 
305 336 306 
306 336 337 
306 337 307 
307 337 338 
307 338 308 
308 338 339 
308 339 309 
309 339 340 
309 340 310 
310 340 341 
311 342 312 
312 342 343 
312 343 313 
313 343 344 
313 344 314 
314 344 345 
314 345 315 
315 345 346 
315 346 316 
316 346 347 
316 347 317 
317 347 348 
317 348 318 
318 348 349 
318 349 319 
319 349 350 
319 350 320 
320 350 351 
320 351 321 
321 351 352 
321 352 322 
322 352 353 
322 353 323 
323 353 354 
323 354 324 
324 354 355 
324 355 325 
325 355 356 
325 356 326 
326 356 357 
326 357 327 
327 357 358 
327 358 328 
328 358 359 
328 359 329 
329 359 360 
329 360 330 
330 360 361 
330 361 331 
331 361 362 
331 362 332 
332 362 363 
332 363 333 
333 363 364 
333 364 334 
334 364 365 
334 365 335 
335 365 366 
335 366 336 
336 366 367 
336 367 337 
337 367 368 
337 368 338 
338 368 369 
338 369 339 
339 369 370 
339 370 340 
340 370 371 
340 371 341 
341 371 372 
342 373 343 
343 373 374 
343 374 344 
344 374 375 
344 375 345 
345 375 376 
345 376 346 
346 376 377 
346 377 347 
347 377 378 
347 378 348 
348 378 379 
348 379 349 
349 379 380 
349 380 350 
350 380 381 
350 381 351 
351 381 382 
351 382 352 
352 382 383 
352 383 353 
353 383 384 
353 384 354 
354 384 385 
354 385 355 
355 385 386 
355 386 356 
356 386 387 
356 387 357 
357 387 388 
357 388 358 
358 388 389 
358 389 359 
359 389 390 
359 390 360 
360 390 391 
360 391 361 
361 391 392 
361 392 362 
362 392 393 
362 393 363 
363 393 394 
363 394 364 
364 394 395 
364 395 365 
365 395 396 
365 396 366 
366 396 397 
366 397 367 
367 397 398 
367 398 368 
368 398 399 
368 399 369 
369 399 400 
369 400 370 
370 400 401 
370 401 371 
371 401 402 
371 402 372 
372 402 403 
373 404 374 
374 404 405 
374 405 375 
375 405 406 
375 406 376 
376 406 407 
376 407 377 
377 407 408 
377 408 378 
378 408 409 
378 409 379 
379 409 410 
379 410 380 
380 410 411 
380 411 381 
381 411 412 
381 412 382 
382 412 413 
382 413 383 
383 413 414 
383 414 384 
384 414 415 
384 415 385 
385 415 416 
385 416 386 
386 416 417 
386 417 387 
387 417 418 
387 418 388 
388 418 419 
388 419 389 
389 419 420 
389 420 390 
390 420 421 
390 421 391 
391 421 422 
391 422 392 
392 422 423 
392 423 393 
393 423 424 
393 424 394 
394 424 425 
394 425 395 
395 425 426 
395 426 396 
396 426 427 
396 427 397 
397 427 428 
397 428 398 
398 428 429 
398 429 399 
399 429 430 
399 430 400 
400 430 431 
400 431 401 
401 431 432 
401 432 402 
402 432 433 
402 433 403 
403 433 434 
404 435 405 
405 435 436 
405 436 406 
406 436 437 
406 437 407 
407 437 438 
407 438 408 
408 438 439 
408 439 409 
409 439 440 
409 440 410 
410 440 441 
410 441 411 
411 441 442 
411 442 412 
412 442 443 
412 443 413 
413 443 444 
413 444 414 
414 444 445 
414 445 415 
415 445 446 
415 446 416 
416 446 447 
416 447 417 
417 447 448 
417 448 418 
418 448 449 
418 449 419 
419 449 450 
419 450 420 
420 450 451 
420 451 421 
421 451 452 
421 452 422 
422 452 453 
422 453 423 
423 453 454 
423 454 424 
424 454 455 
424 455 425 
425 455 456 
425 456 426 
426 456 457 
426 457 427 
427 457 458 
427 458 428 
428 458 459 
428 459 429 
429 459 460 
429 460 430 
430 460 461 
430 461 431 
431 461 462 
431 462 432 
432 462 463 
432 463 433 
433 463 464 
433 464 434 
434 464 465 
435 466 436 
467 466 436 
436 467 437 
468 467 437 
437 468 438 
469 468 438 
438 469 439 
470 469 439 
439 470 440 
471 470 440 
440 471 441 
472 471 441 
441 472 442 
473 472 442 
442 473 443 
474 473 443 
443 474 444 
475 474 444 
444 475 445 
476 475 445 
445 476 446 
477 476 446 
446 477 447 
478 477 447 
447 478 448 
479 478 448 
448 479 449 
480 479 449 
449 480 450 
481 480 450 
450 481 451 
482 481 451 
451 482 452 
483 482 452 
452 483 453 
484 483 453 
453 484 454 
485 484 454 
454 485 455 
486 485 455 
455 486 456 
487 486 456 
456 487 457 
488 487 457 
457 488 458 
489 488 458 
458 489 459 
490 489 459 
459 490 460 
491 490 460 
460 491 461 
492 491 461 
461 492 462 
493 492 462 
462 493 463 
494 493 463 
463 494 464 
495 494 464 
464 495 465 
496 495 465 
color
255 0 0 255 
texture
data\textures\head.jpg