vertices
13,6649805929587 83,770529269128 89,2972940875827 
13,6649805929587 83,770529269128 89,2972940875827 
13,6649805929587 83,770529269128 89,2972940875827 
13,6649805929587 83,770529269128 89,2972940875827 
13,6649805929587 83,770529269128 89,2972940875827 
13,6649805929587 83,770529269128 89,2972940875827 
13,6649805929587 83,770529269128 89,2972940875827 
13,6649805929587 83,770529269128 89,2972940875827 
13,6649805929587 83,770529269128 89,2972940875827 
13,6649805929587 83,770529269128 89,2972940875827 
13,6649805929587 83,770529269128 89,2972940875827 
13,6649805929587 83,770529269128 89,2972940875827 
13,6649805929587 83,770529269128 89,2972940875827 
13,6649805929587 83,770529269128 89,2972940875827 
13,6649805929587 83,770529269128 89,2972940875827 
13,6649805929587 83,770529269128 89,2972940875827 
13,6649805929587 83,770529269128 89,2972940875827 
13,6649805929587 83,770529269128 89,2972940875827 
13,6649805929587 83,770529269128 89,2972940875827 
13,6649805929587 83,770529269128 89,2972940875827 
13,6649805929587 83,770529269128 89,2972940875827 
13,6649805929587 83,770529269128 89,2972940875827 
13,6649805929587 83,770529269128 89,2972940875827 
13,6649805929587 83,770529269128 89,2972940875827 
13,6649805929587 83,770529269128 89,2972940875827 
13,6649805929587 83,770529269128 89,2972940875827 
13,6649805929587 83,770529269128 89,2972940875827 
13,6649805929587 83,770529269128 89,2972940875827 
13,6649805929587 83,770529269128 89,2972940875827 
13,6649805929587 83,770529269128 89,2972940875827 
32,2933500965315 68,0018689377448 97,5249986440227 
28,3402934576792 65,6889363289499 100,299707929305 
23,7328044226329 64,086250658432 102,50827513319 
18,6722523714096 63,263856980532 104,054175270987 
13,3798077118707 63,2576978452567 104,869845088622 
8,08677567160499 64,0680424363725 104,919635901047 
3,02448714955793 65,6594748067828 104,201371610836 
-1,58581155430159 67,9624417253611 102,746443814086 
-5,5426282639473 70,8762924869039 100,618439837033 
-8,67303110225466 74,2736778309248 97,9103636647691 
-10,84020644385 78,0061157154263 94,7405712208146 
-11,9494383270446 81,9104806946316 91,2475976453219 
-11,9522479958579 85,8161332837277 87,5841026446866 
-10,8485126542803 89,5523777231707 83,9101985298361 
-8,68647083304862 92,9559222024668 80,3864525399371 
-5,56061413437835 95,8780154958524 77,1668692835574 
-1,60755749552594 98,1909481046474 74,3921599982756 
2,99993153952026 99,7936337751653 72,1835927943906 
8,06048359074362 100,616027453065 70,6376926565936 
13,3529282502826 100,622186588341 69,8220228389581 
18,6459602905482 99,8118419972248 69,7722320265329 
23,7082488125953 98,2204096268144 70,4904963167438 
28,3185475164548 95,9174427082362 71,945424113494 
32,2753642261005 93,0035919466933 74,0734280905476 
35,4057670644078 89,6062066026725 76,7815042628111 
37,5729424060032 85,873768718171 79,9512967067655 
38,6821742891978 81,9694037389656 83,4442702822583 
38,6849839580111 78,0637511498695 87,1077652828935 
37,5812486164335 74,3275067104266 90,7816693977441 
35,4192067952019 70,9239622311305 94,3054153876431 
49,5103452401996 49,2612006246116 101,490392782854 
41,7769995064831 44,736421660708 106,918543243119 
32,7633908164073 41,601095374013 111,239152666198 
22,8634571218221 39,9922505682199 114,263389687718 
12,5098730303331 39,9802014814356 115,85908063794 
2,15513984874708 41,5654747165707 115,956486165365 
-7,74819089537811 44,6787862262647 114,55134918104 
-16,7672961270709 49,184069358218 111,705080913775 
-24,5079976692377 54,8844216208171 107,542076944762 
-30,6319897204788 61,5307102668615 102,244280523754 
-34,8716244419808 68,8324605900876 96,0432307759974 
-37,0416094523894 76,4705510636852 89,2099433314078 
-37,0471059940065 84,1111604823335 82,0430656410644 
-34,8878738415881 91,4203575507257 74,8558246505302 
-30,6582818013402 98,0786952835543 67,9623372793 
-24,5431833412562 103,795172371645 61,6638820041191 
-16,8098376075395 108,319951335549 56,2357315438545 
-7,79622891746384 111,455277622244 51,9151221207756 
2,10370477712142 113,064122428037 48,8908850992552 
12,4572888686104 113,076171514821 47,2951941490329 
22,8120220501964 111,490898279686 47,1977886216084 
32,7153527943216 108,377586769992 48,6029256059335 
41,7344580260143 103,872303638039 51,4491938731978 
49,4751595681812 98,1719513754398 55,6121978422117 
55,5991516194223 91,5256627293955 60,9099942632196 
59,8387863409242 84,2239124061693 67,1110440109759 
62,0087713513329 76,5858219325717 73,9443314555656 
62,0142678929499 68,9452125139235 81,1112091459089 
59,8550357405315 61,6360154455312 88,2984501364431 
55,6254437002837 54,9776777127027 95,1919375076733 
64,5635007198756 28,3675814627161 101,020169752138 
53,3878502085683 21,828710696725 108,864525165116 
40,3620598153127 17,2977725975462 115,108345443016 
26,0554190849714 14,972790901967 119,47874567852 
11,0931968683391 14,9553784665842 121,78471840983 
-3,87068592700937 17,2462962983782 121,925481563302 
-18,1822358182411 21,7454202950561 119,894883113673 
-31,2159694006737 28,256117148771 115,781669957084 
-42,4022499739617 36,4938381652257 109,765609245865 
-51,2521833993233 46,0985554070301 102,109631701359 
-57,3789851193776 56,6504966421706 93,1483402797155 
-60,514884499302 67,6884914048397 83,2733864171087 
-60,5228276884789 78,7301263577334 72,91635298262 
-57,4024675314257 89,2928290697673 62,529892035897 
-51,2901787401549 98,9149587469545 52,5679417600809 
-42,4530976648608 107,175982150301 43,4658871849658 
-31,2774471535534 113,714852916292 35,6215317719879 
-18,2516567602978 118,245791015471 29,3777114940878 
-3,94501602995651 120,57077271105 25,0073112585837 
11,0172061866758 120,588185146433 22,7013385272741 
25,9810889820243 118,297267314639 22,5605753738022 
40,2926388732561 113,798143317961 24,5911738234311 
53,3263724556885 107,287446464246 28,7043869800197 
64,5126530289767 99,0497254477914 34,7204476912386 
73,3625864543381 89,4450082059869 42,3764252357452 
79,4893881743925 78,8930669708465 51,3377166573884 
82,6252875543169 67,8550722081774 61,2126705199952 
82,6332307434938 56,8134372552837 71,5697039544839 
79,5128705864407 46,2507345432498 81,9561649012068 
73,4005817951698 36,6286048660625 91,9181151770229 
76,7949214080438 6,23416286814148 96,134880554697 
62,6653956732108 -2,03301967048024 106,052604947448 
46,1967131216377 -7,76154584535553 113,946751172851 
28,1086342063351 -10,701051574124 119,47230716054 
9,19169477213423 -10,723066351125 122,387779599294 
-9,7273441541438 -7,82662802496489 122,56574835355 
-27,8216297877996 -2,13832484915005 119,998435334758 
-44,3003550206267 6,0932370320294 114,798044441175 
-58,4433204862538 16,5082988649496 107,191857709093 
-69,6324107283552 28,6516724705004 97,5123019972394 
-77,3786088121391 41,9926341517477 86,1824203378823 
-81,3433687109618 55,9481198661842 73,6973829263401 
-81,3534113922159 69,9082079222391 60,6028458073536 
-77,4082979425405 83,2627754839278 47,471103087583 
-69,680448750441 95,4281638664796 34,8760749369751 
-58,5076079079469 105,872687221567 23,3682245233621 
-44,3780821731137 114,139869760188 13,4505001306114 
-27,9093996215407 119,868395935064 5,55635390520826 
-9,82132070623809 122,807901663832 0,0307979175190849 
9,09561872796277 122,829916440833 -2,88467452123471 
28,0146576542408 119,933478114673 -3,06264327549076 
46,1089432878966 114,245174938858 -0,495330256699157 
62,5876685207237 106,013613057679 4,70506063688414 
76,7306339863508 95,5985512247587 12,3112473689655 
87,9197242284523 83,4551776192079 21,9908030808197 
95,6659223122362 70,1142159379605 33,3206847401768 
99,6306822110588 56,1587302235239 45,805722151719 
99,6407248923129 42,1986421674692 58,9002592707054 
95,6956114426375 28,8440746057805 72,0320019904759 
87,967762250538 16,6786862232287 84,6270301410839 
85,6700355277629 -16,1717185586033 87,0480357706777 
69,2041626450031 -25,8058973225748 98,605676996716 
50,0123483881229 -32,4816474907861 107,805137099256 
28,9333671326904 -35,9072067470832 114,244355527909 
6,88847150774203 -35,9328617143088 117,641907538544 
-15,1588707647661 -32,5574911472889 117,849303805034 
-36,2450850326395 -25,9286149366273 114,857480115336 
-55,44860254949 -16,3359467816072 108,797193521052 
-71,9301374511304 -4,19873231133166 99,9333076268332 
-84,9693675751799 9,95257396103147 88,6532167799013 
-93,9964159960496 25,4994920458784 75,4499150781482 
-98,6167573811632 41,7625470205113 60,9004501624115 
-98,6284606411336 58,030965343743 45,6407034655874 
-94,0310142873414 73,5937390703156 30,337599142716 
-85,0253487864426 87,7707003099043 15,6599562851483 
-72,0050549348042 99,9422478277314 2,24925831690502 
-55,5391820520444 109,576426591703 -9,30838290913332 
-36,3473677951641 116,252176759914 -18,507843011673 
-15,2683865397316 119,677736016211 -24,9470614403259 
6,77650908521669 119,703390983437 -28,3446134509615 
28,8238513577248 116,328020416417 -28,5520097174519 
49,9100656255983 109,699144205755 -25,5601860277535 
69,1135831424486 100,106476050735 -19,4998994334691 
85,5951180440891 87,9692615804597 -10,6360135392505 
98,6343481681387 73,8179553080966 0,644077307681446 
107,661396589008 58,2710372232496 13,8473790094345 
112,281737974122 42,0079822486166 28,3968439251713 
112,293441234092 25,7395639253851 43,6565906219953 
107,6959948803 10,1767901988124 58,9596949448668 
98,6903293794013 -4,0001710407763 73,6373378024344 
90,8009580044783 -37,8708182838219 74,1567741206607 
72,7183756307929 -48,4509334312386 86,8492077986932 
51,6422040441736 -55,7821452766318 96,9519212279813 
28,4935730776477 -59,5440446833003 104,023377353467 
4,28418898390789 -59,5722185955765 107,754519609857 
-19,9278819826358 -55,8654356783007 107,982279176538 
-43,0844561383387 -48,5857001320755 104,696701867536 
-64,1734800750253 -38,0511713323178 98,0413831772019 
-82,2732622502982 -24,7222587378547 88,307192468067 
-96,5927553307069 -9,18149978828303 75,9195605839494 
-106,506128756086 7,89189977746574 61,4198864806379 
-111,580120538103 25,7517504711076 45,4418754936029 
-111,592972888171 43,6174911162586 28,6838433739812 
-106,544124096918 60,7083031173901 11,8781965393601 
-96,6542330835866 76,277235979238 -4,24057760114681 
-82,3555355424223 89,6438526277109 -18,9680112711395 
-64,2729531687367 100,223967775128 -31,6604449491721 
-43,1967815821174 107,555179620521 -41,7631583784602 
-20,0481506155915 111,317079027189 -48,8346145039464 
4,16123347814834 111,345252939466 -52,5657567603356 
28,373304444692 107,63847002219 -52,7935163270169 
51,5298786003948 100,358734475964 -49,5079390180144 
72,6189025370814 89,8242056762068 -42,8526203276808 
90,7186847123544 76,4952930817438 -33,1184296185459 
105,038177792763 60,9545341321721 -20,7307977344283 
114,951551218142 43,8811345664232 -6,23112363111671 
120,02554300016 26,0212838727813 9,74688735591827 
120,038395350227 8,15554322763052 26,5049194755399 
114,989546558974 -8,93526877350112 43,3105663101611 
105,099655545643 -24,5042016353491 59,429340450668 
91,9634429050603 -57,9147815256894 58,0245055978884 
73,0544466600364 -68,9784312555841 71,2970114711309 
51,0150475767051 -76,6446956414579 81,8614411721099 
26,8084731517786 -80,5785221428302 89,2560784291344 
1,49266684365729 -80,6079836649973 93,1577421106662 
-23,8259491332772 -76,7317925980681 93,3959107915628 
-48,0408297686341 -69,1193570916961 89,9601753576087 
-70,0936685827594 -58,103377106028 83,0006939337557 
-89,0206506982144 -44,1653038269743 72,8216292535231 
-103,994576174817 -27,9142979391255 59,8678552880085 
-114,361012616373 -10,0606063807588 44,7055141186091 
-119,666897006706 8,61547885550784 27,9972728114126 
-119,6803367375 27,2977232270498 10,4733616865806 
-114,400744428029 45,1696230074759 -7,10034025067662 
-104,05886359651 61,4500904174917 -23,9557778977229 
-89,1066840611318 75,4275909089292 -39,3562877480189 
-70,1976878161079 86,4912406388239 -52,6287936212614 
-48,1582887327766 94,1575050246977 -63,1932233222404 
-23,95171430785 98,0913315260701 -70,587860579265 
1,36409200027123 98,1207930482371 -74,4895242607967 
26,6827079772057 94,2446019813081 -74,7276929416932 
50,8975886125628 86,632166474936 -71,2919575077392 
72,9504274266879 75,616186489268 -64,3324760838862 
91,8774095421429 61,6781132102141 -54,1534114036536 
106,851335018746 45,4271073223653 -41,1996374381391 
117,217771460302 27,5734157639987 -26,0372962687396 
122,523655850635 8,897330527732 -9,32905496154302 
122,537095581429 -9,78491384380989 8,19485616328891 
117,257503271957 -27,6568136242361 25,7685581005461 
106,915622440439 -43,9372810342519 42,6239957475924 
89,1066840611318 -75,4275909089293 39,356287748019 
70,1976878161078 -86,4912406388239 52,6287936212614 
48,1582887327766 -94,1575050246977 63,1932233222404 
23,95171430785 -98,0913315260701 70,587860579265 
-1,3640920002713 -98,1207930482371 74,4895242607967 
-26,6827079772058 -94,244601981308 74,7276929416933 
-50,8975886125628 -86,632166474936 71,2919575077392 
-72,950427426688 -75,6161864892679 64,3324760838862 
-91,8774095421429 -61,6781132102141 54,1534114036536 
-106,851335018746 -45,4271073223654 41,1996374381391 
-117,217771460302 -27,5734157639987 26,0372962687396 
-122,523655850635 -8,89733052773207 9,32905496154308 
-122,537095581429 9,78491384380989 -8,19485616328889 
-117,257503271957 27,6568136242361 -25,7685581005461 
-106,915622440439 43,9372810342519 -42,6239957475924 
-91,9634429050604 57,9147815256893 -58,0245055978884 
-73,0544466600364 68,9784312555841 -71,2970114711309 
-51,0150475767051 76,6446956414579 -81,8614411721099 
-26,8084731517786 80,5785221428302 -89,2560784291344 
-1,49266684365735 80,6079836649972 -93,1577421106662 
23,8259491332772 76,7317925980681 -93,3959107915628 
48,0408297686342 69,1193570916961 -89,9601753576086 
70,0936685827593 58,1033771060281 -83,0006939337557 
89,0206506982144 44,1653038269743 -72,8216292535231 
103,994576174817 27,9142979391255 -59,8678552880086 
114,361012616373 10,0606063807588 -44,7055141186091 
119,666897006706 -8,61547885550788 -27,9972728114125 
119,6803367375 -27,2977232270498 -10,4733616865806 
114,400744428029 -45,1696230074759 7,10034025067663 
104,05886359651 -61,4500904174918 23,9557778977229 
82,3555355424222 -89,6438526277109 18,9680112711396 
64,2729531687367 -100,223967775128 31,6604449491721 
43,1967815821174 -107,555179620521 41,7631583784602 
20,0481506155915 -111,317079027189 48,8346145039463 
-4,16123347814835 -111,345252939466 52,5657567603356 
-28,373304444692 -107,63847002219 52,7935163270169 
-51,5298786003948 -100,358734475965 49,5079390180144 
-72,6189025370815 -89,8242056762068 42,8526203276808 
-90,7186847123544 -76,4952930817437 33,1184296185459 
-105,038177792763 -60,954534132172 20,7307977344282 
-114,951551218142 -43,8811345664233 6,23112363111672 
-120,02554300016 -26,0212838727813 -9,7468873559182 
-120,038395350227 -8,15554322763049 -26,5049194755399 
-114,989546558974 8,93526877350111 -43,3105663101611 
-105,099655545643 24,5042016353491 -59,429340450668 
-90,8009580044784 37,8708182838219 -74,1567741206607 
-72,7183756307929 48,4509334312386 -86,8492077986932 
-51,6422040441736 55,7821452766318 -96,9519212279813 
-28,4935730776477 59,5440446833003 -104,023377353468 
-4,28418898390794 59,5722185955765 -107,754519609857 
19,9278819826358 55,8654356783006 -107,982279176538 
43,0844561383387 48,5857001320754 -104,696701867536 
64,1734800750252 38,0511713323178 -98,0413831772019 
82,2732622502982 24,7222587378547 -88,307192468067 
96,5927553307069 9,18149978828303 -75,9195605839494 
106,506128756086 -7,89189977746577 -61,4198864806378 
111,580120538103 -25,7517504711077 -45,4418754936028 
111,592972888171 -43,6174911162585 -28,6838433739812 
106,544124096918 -60,7083031173901 -11,8781965393601 
96,6542330835866 -76,277235979238 4,24057760114684 
72,0050549348042 -99,9422478277314 -2,24925831690501 
55,5391820520444 -109,576426591703 9,30838290913334 
36,3473677951641 -116,252176759914 18,507843011673 
15,2683865397316 -119,677736016211 24,9470614403259 
-6,77650908521669 -119,703390983437 28,3446134509615 
-28,8238513577249 -116,328020416417 28,5520097174519 
-49,9100656255983 -109,699144205755 25,5601860277534 
-69,1135831424487 -100,106476050735 19,4998994334691 
-85,5951180440891 -87,9692615804597 10,6360135392505 
-98,6343481681387 -73,8179553080966 -0,64407730768145 
-107,661396589008 -58,2710372232496 -13,8473790094345 
-112,281737974122 -42,0079822486166 -28,3968439251712 
-112,293441234092 -25,7395639253851 -43,6565906219953 
-107,6959948803 -10,1767901988124 -58,9596949448668 
-98,6903293794013 4,0001710407763 -73,6373378024343 
-85,6700355277629 16,1717185586033 -87,0480357706777 
-69,2041626450031 25,8058973225748 -98,605676996716 
-50,0123483881229 32,4816474907861 -107,805137099256 
-28,9333671326904 35,9072067470832 -114,244355527909 
-6,88847150774205 35,9328617143088 -117,641907538544 
15,1588707647661 32,5574911472889 -117,849303805034 
36,2450850326395 25,9286149366274 -114,857480115336 
55,4486025494899 16,3359467816072 -108,797193521052 
71,9301374511303 4,19873231133169 -99,9333076268332 
84,9693675751799 -9,95257396103146 -88,6532167799013 
93,9964159960496 -25,4994920458784 -75,4499150781482 
98,6167573811632 -41,7625470205114 -60,9004501624115 
98,6284606411336 -58,030965343743 -45,6407034655874 
94,0310142873414 -73,5937390703156 -30,337599142716 
85,0253487864426 -87,7707003099043 -15,6599562851483 
58,5076079079468 -105,872687221567 -23,368224523362 
44,3780821731137 -114,139869760188 -13,4505001306114 
27,9093996215407 -119,868395935064 -5,55635390520826 
9,82132070623807 -122,807901663832 -0,0307979175191222 
-9,09561872796278 -122,829916440833 2,88467452123471 
-28,0146576542408 -119,933478114673 3,06264327549075 
-46,1089432878966 -114,245174938858 0,495330256699155 
-62,5876685207237 -106,013613057679 -4,70506063688417 
-76,7306339863509 -95,5985512247587 -12,3112473689656 
-87,9197242284523 -83,4551776192079 -21,9908030808196 
-95,6659223122362 -70,1142159379605 -33,3206847401768 
-99,6306822110589 -56,158730223524 -45,805722151719 
-99,640724892313 -42,1986421674692 -58,9002592707054 
-95,6956114426375 -28,8440746057805 -72,032001990476 
-87,967762250538 -16,6786862232287 -84,6270301410839 
-76,7949214080439 -6,23416286814149 -96,134880554697 
-62,6653956732108 2,03301967048023 -106,052604947448 
-46,1967131216377 7,76154584535561 -113,946751172851 
-28,1086342063351 10,701051574124 -119,47230716054 
-9,19169477213428 10,7230663511249 -122,387779599294 
9,72734415414376 7,82662802496491 -122,56574835355 
27,8216297877995 2,13832484915007 -119,998435334758 
44,3003550206266 -6,09323703202938 -114,798044441175 
58,4433204862538 -16,5082988649496 -107,191857709093 
69,6324107283552 -28,6516724705004 -97,5123019972394 
77,3786088121392 -41,9926341517477 -86,1824203378823 
81,3433687109618 -55,9481198661843 -73,6973829263401 
81,3534113922159 -69,9082079222391 -60,6028458073536 
77,4082979425405 -83,2627754839278 -47,4711030875831 
69,6804487504409 -95,4281638664796 -34,8760749369751 
42,4530976648608 -107,175982150301 -43,4658871849658 
31,2774471535534 -113,714852916292 -35,6215317719879 
18,2516567602978 -118,245791015471 -29,3777114940878 
3,94501602995648 -120,57077271105 -25,0073112585838 
-11,0172061866758 -120,588185146433 -22,7013385272741 
-25,9810889820243 -118,297267314639 -22,5605753738022 
-40,2926388732561 -113,798143317961 -24,5911738234311 
-53,3263724556886 -107,287446464246 -28,7043869800198 
-64,5126530289766 -99,0497254477913 -34,7204476912385 
-73,3625864543381 -89,4450082059869 -42,3764252357452 
-79,4893881743925 -78,8930669708465 -51,3377166573883 
-82,6252875543169 -67,8550722081774 -61,2126705199952 
-82,6332307434938 -56,8134372552837 -71,5697039544839 
-79,5128705864406 -46,2507345432497 -81,9561649012068 
-73,4005817951698 -36,6286048660626 -91,9181151770229 
-64,5635007198756 -28,3675814627161 -101,020169752138 
-53,3878502085683 -21,828710696725 -108,864525165116 
-40,3620598153128 -17,2977725975462 -115,108345443016 
-26,0554190849714 -14,972790901967 -119,47874567852 
-11,0931968683392 -14,9553784665842 -121,78471840983 
3,87068592700935 -17,2462962983782 -121,925481563302 
18,1822358182411 -21,7454202950561 -119,894883113673 
31,2159694006736 -28,256117148771 -115,781669957084 
42,4022499739617 -36,4938381652257 -109,765609245865 
51,2521833993233 -46,0985554070301 -102,109631701359 
57,3789851193776 -56,6504966421706 -93,1483402797155 
60,514884499302 -67,6884914048397 -83,2733864171086 
60,5228276884789 -78,7301263577334 -72,91635298262 
57,4024675314257 -89,2928290697673 -62,529892035897 
51,2901787401549 -98,9149587469545 -52,5679417600809 
24,5431833412561 -103,795172371645 -61,6638820041191 
16,8098376075395 -108,319951335549 -56,2357315438545 
7,79622891746384 -111,455277622244 -51,9151221207756 
-2,10370477712141 -113,064122428037 -48,8908850992552 
-12,4572888686104 -113,076171514821 -47,295194149033 
-22,8120220501964 -111,490898279686 -47,1977886216084 
-32,7153527943216 -108,377586769992 -48,6029256059334 
-41,7344580260144 -103,872303638039 -51,4491938731978 
-49,4751595681812 -98,1719513754398 -55,6121978422117 
-55,5991516194223 -91,5256627293955 -60,9099942632196 
-59,8387863409242 -84,2239124061693 -67,1110440109759 
-62,0087713513328 -76,5858219325717 -73,9443314555656 
-62,0142678929499 -68,9452125139235 -81,1112091459089 
-59,8550357405315 -61,6360154455313 -88,2984501364432 
-55,6254437002837 -54,9776777127026 -95,1919375076733 
-49,5103452401996 -49,2612006246116 -101,490392782854 
-41,7769995064831 -44,736421660708 -106,918543243119 
-32,7633908164073 -41,601095374013 -111,239152666198 
-22,8634571218221 -39,9922505682199 -114,263389687718 
-12,5098730303331 -39,9802014814356 -115,85908063794 
-2,1551398487471 -41,5654747165707 -115,956486165365 
7,74819089537811 -44,6787862262647 -114,55134918104 
16,7672961270709 -49,184069358218 -111,705080913776 
24,5079976692377 -54,8844216208171 -107,542076944762 
30,6319897204788 -61,5307102668615 -102,244280523754 
34,8716244419808 -68,8324605900876 -96,0432307759974 
37,0416094523894 -76,4705510636852 -89,2099433314077 
37,0471059940065 -84,1111604823334 -82,0430656410645 
34,8878738415881 -91,4203575507257 -74,8558246505302 
30,6582818013402 -98,0786952835542 -67,9623372793 
5,56061413437835 -95,8780154958524 -77,1668692835574 
1,60755749552594 -98,1909481046474 -74,3921599982756 
-2,99993153952027 -99,7936337751653 -72,1835927943906 
-8,06048359074362 -100,616027453065 -70,6376926565936 
-13,3529282502826 -100,622186588341 -69,8220228389581 
-18,6459602905482 -99,8118419972248 -69,7722320265329 
-23,7082488125952 -98,2204096268144 -70,4904963167438 
-28,3185475164548 -95,9174427082362 -71,945424113494 
-32,2753642261005 -93,0035919466933 -74,0734280905476 
-35,4057670644078 -89,6062066026725 -76,7815042628111 
-37,5729424060032 -85,873768718171 -79,9512967067655 
-38,6821742891978 -81,9694037389656 -83,4442702822583 
-38,6849839580111 -78,0637511498695 -87,1077652828936 
-37,5812486164335 -74,3275067104266 -90,7816693977441 
-35,4192067952019 -70,9239622311305 -94,3054153876431 
-32,2933500965315 -68,0018689377449 -97,5249986440227 
-28,3402934576792 -65,6889363289499 -100,299707929305 
-23,7328044226329 -64,086250658432 -102,50827513319 
-18,6722523714095 -63,263856980532 -104,054175270987 
-13,3798077118707 -63,2576978452567 -104,869845088622 
-8,08677567160502 -64,0680424363725 -104,919635901047 
-3,02448714955793 -65,6594748067828 -104,201371610836 
1,58581155430158 -67,9624417253611 -102,746443814086 
5,54262826394733 -70,876292486904 -100,618439837033 
8,67303110225465 -74,2736778309248 -97,9103636647691 
10,84020644385 -78,0061157154263 -94,7405712208146 
11,9494383270446 -81,9104806946316 -91,2475976453219 
11,9522479958579 -85,8161332837277 -87,5841026446866 
10,8485126542803 -89,5523777231707 -83,9101985298361 
8,68647083304862 -92,9559222024668 -80,3864525399371 
-13,6649805929587 -83,770529269128 -89,2972940875827 
-13,6649805929587 -83,770529269128 -89,2972940875827 
-13,6649805929587 -83,770529269128 -89,2972940875827 
-13,6649805929587 -83,770529269128 -89,2972940875827 
-13,6649805929587 -83,770529269128 -89,2972940875827 
-13,6649805929587 -83,770529269128 -89,2972940875827 
-13,6649805929587 -83,770529269128 -89,2972940875827 
-13,6649805929587 -83,770529269128 -89,2972940875827 
-13,6649805929587 -83,770529269128 -89,2972940875827 
-13,6649805929587 -83,770529269128 -89,2972940875827 
-13,6649805929587 -83,770529269128 -89,2972940875827 
-13,6649805929587 -83,770529269128 -89,2972940875827 
-13,6649805929587 -83,770529269128 -89,2972940875827 
-13,6649805929587 -83,770529269128 -89,2972940875827 
-13,6649805929587 -83,770529269128 -89,2972940875827 
-13,6649805929587 -83,770529269128 -89,2972940875827 
-13,6649805929587 -83,770529269128 -89,2972940875827 
-13,6649805929587 -83,770529269128 -89,2972940875827 
-13,6649805929587 -83,770529269128 -89,2972940875827 
-13,6649805929587 -83,770529269128 -89,2972940875827 
-13,6649805929587 -83,770529269128 -89,2972940875827 
-13,6649805929587 -83,770529269128 -89,2972940875827 
-13,6649805929587 -83,770529269128 -89,2972940875827 
-13,6649805929587 -83,770529269128 -89,2972940875827 
-13,6649805929587 -83,770529269128 -89,2972940875827 
-13,6649805929587 -83,770529269128 -89,2972940875827 
-13,6649805929587 -83,770529269128 -89,2972940875827 
-13,6649805929587 -83,770529269128 -89,2972940875827 
-13,6649805929587 -83,770529269128 -89,2972940875827 
-13,6649805929587 -83,770529269128 -89,2972940875827 
faces
1 31 1 
1 31 32 
1 32 1 
1 32 33 
1 33 1 
1 33 34 
1 34 1 
1 34 35 
1 35 1 
1 35 36 
1 36 1 
1 36 37 
1 37 1 
1 37 38 
1 38 1 
1 38 39 
1 39 1 
1 39 40 
1 40 1 
1 40 41 
1 41 1 
1 41 42 
1 42 1 
1 42 43 
1 43 1 
1 43 44 
1 44 1 
1 44 45 
1 45 1 
1 45 46 
1 46 1 
1 46 47 
1 47 1 
1 47 48 
1 48 1 
1 48 49 
1 49 1 
1 49 50 
1 50 1 
1 50 51 
1 51 1 
1 51 52 
1 52 1 
1 52 53 
1 53 1 
1 53 54 
1 54 1 
1 54 55 
1 55 1 
1 55 56 
1 56 1 
1 56 57 
1 57 1 
1 57 58 
1 58 1 
1 58 59 
1 59 1 
1 59 60 
1 60 1 
1 60 31 
31 61 32 
32 61 62 
32 62 33 
33 62 63 
33 63 34 
34 63 64 
34 64 35 
35 64 65 
35 65 36 
36 65 66 
36 66 37 
37 66 67 
37 67 38 
38 67 68 
38 68 39 
39 68 69 
39 69 40 
40 69 70 
40 70 41 
41 70 71 
41 71 42 
42 71 72 
42 72 43 
43 72 73 
43 73 44 
44 73 74 
44 74 45 
45 74 75 
45 75 46 
46 75 76 
46 76 47 
47 76 77 
47 77 48 
48 77 78 
48 78 49 
49 78 79 
49 79 50 
50 79 80 
50 80 51 
51 80 81 
51 81 52 
52 81 82 
52 82 53 
53 82 83 
53 83 54 
54 83 84 
54 84 55 
55 84 85 
55 85 56 
56 85 86 
56 86 57 
57 86 87 
57 87 58 
58 87 88 
58 88 59 
59 88 89 
59 89 60 
60 89 90 
60 90 31 
31 90 61 
61 91 62 
62 91 92 
62 92 63 
63 92 93 
63 93 64 
64 93 94 
64 94 65 
65 94 95 
65 95 66 
66 95 96 
66 96 67 
67 96 97 
67 97 68 
68 97 98 
68 98 69 
69 98 99 
69 99 70 
70 99 100 
70 100 71 
71 100 101 
71 101 72 
72 101 102 
72 102 73 
73 102 103 
73 103 74 
74 103 104 
74 104 75 
75 104 105 
75 105 76 
76 105 106 
76 106 77 
77 106 107 
77 107 78 
78 107 108 
78 108 79 
79 108 109 
79 109 80 
80 109 110 
80 110 81 
81 110 111 
81 111 82 
82 111 112 
82 112 83 
83 112 113 
83 113 84 
84 113 114 
84 114 85 
85 114 115 
85 115 86 
86 115 116 
86 116 87 
87 116 117 
87 117 88 
88 117 118 
88 118 89 
89 118 119 
89 119 90 
90 119 120 
90 120 61 
61 120 91 
91 121 92 
92 121 122 
92 122 93 
93 122 123 
93 123 94 
94 123 124 
94 124 95 
95 124 125 
95 125 96 
96 125 126 
96 126 97 
97 126 127 
97 127 98 
98 127 128 
98 128 99 
99 128 129 
99 129 100 
100 129 130 
100 130 101 
101 130 131 
101 131 102 
102 131 132 
102 132 103 
103 132 133 
103 133 104 
104 133 134 
104 134 105 
105 134 135 
105 135 106 
106 135 136 
106 136 107 
107 136 137 
107 137 108 
108 137 138 
108 138 109 
109 138 139 
109 139 110 
110 139 140 
110 140 111 
111 140 141 
111 141 112 
112 141 142 
112 142 113 
113 142 143 
113 143 114 
114 143 144 
114 144 115 
115 144 145 
115 145 116 
116 145 146 
116 146 117 
117 146 147 
117 147 118 
118 147 148 
118 148 119 
119 148 149 
119 149 120 
120 149 150 
120 150 91 
91 150 121 
121 151 122 
122 151 152 
122 152 123 
123 152 153 
123 153 124 
124 153 154 
124 154 125 
125 154 155 
125 155 126 
126 155 156 
126 156 127 
127 156 157 
127 157 128 
128 157 158 
128 158 129 
129 158 159 
129 159 130 
130 159 160 
130 160 131 
131 160 161 
131 161 132 
132 161 162 
132 162 133 
133 162 163 
133 163 134 
134 163 164 
134 164 135 
135 164 165 
135 165 136 
136 165 166 
136 166 137 
137 166 167 
137 167 138 
138 167 168 
138 168 139 
139 168 169 
139 169 140 
140 169 170 
140 170 141 
141 170 171 
141 171 142 
142 171 172 
142 172 143 
143 172 173 
143 173 144 
144 173 174 
144 174 145 
145 174 175 
145 175 146 
146 175 176 
146 176 147 
147 176 177 
147 177 148 
148 177 178 
148 178 149 
149 178 179 
149 179 150 
150 179 180 
150 180 121 
121 180 151 
151 181 152 
152 181 182 
152 182 153 
153 182 183 
153 183 154 
154 183 184 
154 184 155 
155 184 185 
155 185 156 
156 185 186 
156 186 157 
157 186 187 
157 187 158 
158 187 188 
158 188 159 
159 188 189 
159 189 160 
160 189 190 
160 190 161 
161 190 191 
161 191 162 
162 191 192 
162 192 163 
163 192 193 
163 193 164 
164 193 194 
164 194 165 
165 194 195 
165 195 166 
166 195 196 
166 196 167 
167 196 197 
167 197 168 
168 197 198 
168 198 169 
169 198 199 
169 199 170 
170 199 200 
170 200 171 
171 200 201 
171 201 172 
172 201 202 
172 202 173 
173 202 203 
173 203 174 
174 203 204 
174 204 175 
175 204 205 
175 205 176 
176 205 206 
176 206 177 
177 206 207 
177 207 178 
178 207 208 
178 208 179 
179 208 209 
179 209 180 
180 209 210 
180 210 151 
151 210 181 
181 211 182 
182 211 212 
182 212 183 
183 212 213 
183 213 184 
184 213 214 
184 214 185 
185 214 215 
185 215 186 
186 215 216 
186 216 187 
187 216 217 
187 217 188 
188 217 218 
188 218 189 
189 218 219 
189 219 190 
190 219 220 
190 220 191 
191 220 221 
191 221 192 
192 221 222 
192 222 193 
193 222 223 
193 223 194 
194 223 224 
194 224 195 
195 224 225 
195 225 196 
196 225 226 
196 226 197 
197 226 227 
197 227 198 
198 227 228 
198 228 199 
199 228 229 
199 229 200 
200 229 230 
200 230 201 
201 230 231 
201 231 202 
202 231 232 
202 232 203 
203 232 233 
203 233 204 
204 233 234 
204 234 205 
205 234 235 
205 235 206 
206 235 236 
206 236 207 
207 236 237 
207 237 208 
208 237 238 
208 238 209 
209 238 239 
209 239 210 
210 239 240 
210 240 181 
181 240 211 
211 241 212 
212 241 242 
212 242 213 
213 242 243 
213 243 214 
214 243 244 
214 244 215 
215 244 245 
215 245 216 
216 245 246 
216 246 217 
217 246 247 
217 247 218 
218 247 248 
218 248 219 
219 248 249 
219 249 220 
220 249 250 
220 250 221 
221 250 251 
221 251 222 
222 251 252 
222 252 223 
223 252 253 
223 253 224 
224 253 254 
224 254 225 
225 254 255 
225 255 226 
226 255 256 
226 256 227 
227 256 257 
227 257 228 
228 257 258 
228 258 229 
229 258 259 
229 259 230 
230 259 260 
230 260 231 
231 260 261 
231 261 232 
232 261 262 
232 262 233 
233 262 263 
233 263 234 
234 263 264 
234 264 235 
235 264 265 
235 265 236 
236 265 266 
236 266 237 
237 266 267 
237 267 238 
238 267 268 
238 268 239 
239 268 269 
239 269 240 
240 269 270 
240 270 211 
211 270 241 
241 271 242 
242 271 272 
242 272 243 
243 272 273 
243 273 244 
244 273 274 
244 274 245 
245 274 275 
245 275 246 
246 275 276 
246 276 247 
247 276 277 
247 277 248 
248 277 278 
248 278 249 
249 278 279 
249 279 250 
250 279 280 
250 280 251 
251 280 281 
251 281 252 
252 281 282 
252 282 253 
253 282 283 
253 283 254 
254 283 284 
254 284 255 
255 284 285 
255 285 256 
256 285 286 
256 286 257 
257 286 287 
257 287 258 
258 287 288 
258 288 259 
259 288 289 
259 289 260 
260 289 290 
260 290 261 
261 290 291 
261 291 262 
262 291 292 
262 292 263 
263 292 293 
263 293 264 
264 293 294 
264 294 265 
265 294 295 
265 295 266 
266 295 296 
266 296 267 
267 296 297 
267 297 268 
268 297 298 
268 298 269 
269 298 299 
269 299 270 
270 299 300 
270 300 241 
241 300 271 
271 301 272 
272 301 302 
272 302 273 
273 302 303 
273 303 274 
274 303 304 
274 304 275 
275 304 305 
275 305 276 
276 305 306 
276 306 277 
277 306 307 
277 307 278 
278 307 308 
278 308 279 
279 308 309 
279 309 280 
280 309 310 
280 310 281 
281 310 311 
281 311 282 
282 311 312 
282 312 283 
283 312 313 
283 313 284 
284 313 314 
284 314 285 
285 314 315 
285 315 286 
286 315 316 
286 316 287 
287 316 317 
287 317 288 
288 317 318 
288 318 289 
289 318 319 
289 319 290 
290 319 320 
290 320 291 
291 320 321 
291 321 292 
292 321 322 
292 322 293 
293 322 323 
293 323 294 
294 323 324 
294 324 295 
295 324 325 
295 325 296 
296 325 326 
296 326 297 
297 326 327 
297 327 298 
298 327 328 
298 328 299 
299 328 329 
299 329 300 
300 329 330 
300 330 271 
271 330 301 
301 331 302 
302 331 332 
302 332 303 
303 332 333 
303 333 304 
304 333 334 
304 334 305 
305 334 335 
305 335 306 
306 335 336 
306 336 307 
307 336 337 
307 337 308 
308 337 338 
308 338 309 
309 338 339 
309 339 310 
310 339 340 
310 340 311 
311 340 341 
311 341 312 
312 341 342 
312 342 313 
313 342 343 
313 343 314 
314 343 344 
314 344 315 
315 344 345 
315 345 316 
316 345 346 
316 346 317 
317 346 347 
317 347 318 
318 347 348 
318 348 319 
319 348 349 
319 349 320 
320 349 350 
320 350 321 
321 350 351 
321 351 322 
322 351 352 
322 352 323 
323 352 353 
323 353 324 
324 353 354 
324 354 325 
325 354 355 
325 355 326 
326 355 356 
326 356 327 
327 356 357 
327 357 328 
328 357 358 
328 358 329 
329 358 359 
329 359 330 
330 359 360 
330 360 301 
301 360 331 
331 361 332 
332 361 362 
332 362 333 
333 362 363 
333 363 334 
334 363 364 
334 364 335 
335 364 365 
335 365 336 
336 365 366 
336 366 337 
337 366 367 
337 367 338 
338 367 368 
338 368 339 
339 368 369 
339 369 340 
340 369 370 
340 370 341 
341 370 371 
341 371 342 
342 371 372 
342 372 343 
343 372 373 
343 373 344 
344 373 374 
344 374 345 
345 374 375 
345 375 346 
346 375 376 
346 376 347 
347 376 377 
347 377 348 
348 377 378 
348 378 349 
349 378 379 
349 379 350 
350 379 380 
350 380 351 
351 380 381 
351 381 352 
352 381 382 
352 382 353 
353 382 383 
353 383 354 
354 383 384 
354 384 355 
355 384 385 
355 385 356 
356 385 386 
356 386 357 
357 386 387 
357 387 358 
358 387 388 
358 388 359 
359 388 389 
359 389 360 
360 389 390 
360 390 331 
331 390 361 
361 391 362 
362 391 392 
362 392 363 
363 392 393 
363 393 364 
364 393 394 
364 394 365 
365 394 395 
365 395 366 
366 395 396 
366 396 367 
367 396 397 
367 397 368 
368 397 398 
368 398 369 
369 398 399 
369 399 370 
370 399 400 
370 400 371 
371 400 401 
371 401 372 
372 401 402 
372 402 373 
373 402 403 
373 403 374 
374 403 404 
374 404 375 
375 404 405 
375 405 376 
376 405 406 
376 406 377 
377 406 407 
377 407 378 
378 407 408 
378 408 379 
379 408 409 
379 409 380 
380 409 410 
380 410 381 
381 410 411 
381 411 382 
382 411 412 
382 412 383 
383 412 413 
383 413 384 
384 413 414 
384 414 385 
385 414 415 
385 415 386 
386 415 416 
386 416 387 
387 416 417 
387 417 388 
388 417 418 
388 418 389 
389 418 419 
389 419 390 
390 419 420 
390 420 361 
361 420 391 
391 421 392 
392 421 422 
392 422 393 
393 422 423 
393 423 394 
394 423 424 
394 424 395 
395 424 425 
395 425 396 
396 425 426 
396 426 397 
397 426 427 
397 427 398 
398 427 428 
398 428 399 
399 428 429 
399 429 400 
400 429 430 
400 430 401 
401 430 431 
401 431 402 
402 431 432 
402 432 403 
403 432 433 
403 433 404 
404 433 434 
404 434 405 
405 434 435 
405 435 406 
406 435 436 
406 436 407 
407 436 437 
407 437 408 
408 437 438 
408 438 409 
409 438 439 
409 439 410 
410 439 440 
410 440 411 
411 440 441 
411 441 412 
412 441 442 
412 442 413 
413 442 443 
413 443 414 
414 443 444 
414 444 415 
415 444 445 
415 445 416 
416 445 446 
416 446 417 
417 446 447 
417 447 418 
418 447 448 
418 448 419 
419 448 449 
419 449 420 
420 449 450 
420 450 391 
391 450 421 
421 451 422 
451 451 422 
422 451 423 
451 451 423 
423 451 424 
451 451 424 
424 451 425 
451 451 425 
425 451 426 
451 451 426 
426 451 427 
451 451 427 
427 451 428 
451 451 428 
428 451 429 
451 451 429 
429 451 430 
451 451 430 
430 451 431 
451 451 431 
431 451 432 
451 451 432 
432 451 433 
451 451 433 
433 451 434 
451 451 434 
434 451 435 
451 451 435 
435 451 436 
451 451 436 
436 451 437 
451 451 437 
437 451 438 
451 451 438 
438 451 439 
451 451 439 
439 451 440 
451 451 440 
440 451 441 
451 451 441 
441 451 442 
451 451 442 
442 451 443 
451 451 443 
443 451 444 
451 451 444 
444 451 445 
451 451 445 
445 451 446 
451 451 446 
446 451 447 
451 451 447 
447 451 448 
451 451 448 
448 451 449 
451 451 449 
449 451 450 
451 451 450 
450 451 421 
451 451 421 
tex_vertices
0    0    
0,0333333333333333 0    
0,0666666666666667 0    
0,1  0    
0,133333333333333 0    
0,166666666666667 0    
0,2  0    
0,233333333333333 0    
0,266666666666667 0    
0,3  0    
0,333333333333333 0    
0,366666666666667 0    
0,4  0    
0,433333333333333 0    
0,466666666666667 0    
0,5  0    
0,533333333333333 0    
0,566666666666667 0    
0,6  0    
0,633333333333333 0    
0,666666666666667 0    
0,7  0    
0,733333333333333 0    
0,766666666666667 0    
0,8  0    
0,833333333333333 0    
0,866666666666667 0    
0,9  0    
0,933333333333333 0    
0,966666666666667 0    
1    0    
0    0,0666666666666667 
0,0333333333333333 0,0666666666666667 
0,0666666666666667 0,0666666666666667 
0,1  0,0666666666666667 
0,133333333333333 0,0666666666666667 
0,166666666666667 0,0666666666666667 
0,2  0,0666666666666667 
0,233333333333333 0,0666666666666667 
0,266666666666667 0,0666666666666667 
0,3  0,0666666666666667 
0,333333333333333 0,0666666666666667 
0,366666666666667 0,0666666666666667 
0,4  0,0666666666666667 
0,433333333333333 0,0666666666666667 
0,466666666666667 0,0666666666666667 
0,5  0,0666666666666667 
0,533333333333333 0,0666666666666667 
0,566666666666667 0,0666666666666667 
0,6  0,0666666666666667 
0,633333333333333 0,0666666666666667 
0,666666666666667 0,0666666666666667 
0,7  0,0666666666666667 
0,733333333333333 0,0666666666666667 
0,766666666666667 0,0666666666666667 
0,8  0,0666666666666667 
0,833333333333333 0,0666666666666667 
0,866666666666667 0,0666666666666667 
0,9  0,0666666666666667 
0,933333333333333 0,0666666666666667 
0,966666666666667 0,0666666666666667 
1    0,0666666666666667 
0    0,133333333333333 
0,0333333333333333 0,133333333333333 
0,0666666666666667 0,133333333333333 
0,1  0,133333333333333 
0,133333333333333 0,133333333333333 
0,166666666666667 0,133333333333333 
0,2  0,133333333333333 
0,233333333333333 0,133333333333333 
0,266666666666667 0,133333333333333 
0,3  0,133333333333333 
0,333333333333333 0,133333333333333 
0,366666666666667 0,133333333333333 
0,4  0,133333333333333 
0,433333333333333 0,133333333333333 
0,466666666666667 0,133333333333333 
0,5  0,133333333333333 
0,533333333333333 0,133333333333333 
0,566666666666667 0,133333333333333 
0,6  0,133333333333333 
0,633333333333333 0,133333333333333 
0,666666666666667 0,133333333333333 
0,7  0,133333333333333 
0,733333333333333 0,133333333333333 
0,766666666666667 0,133333333333333 
0,8  0,133333333333333 
0,833333333333333 0,133333333333333 
0,866666666666667 0,133333333333333 
0,9  0,133333333333333 
0,933333333333333 0,133333333333333 
0,966666666666667 0,133333333333333 
1    0,133333333333333 
0    0,2  
0,0333333333333333 0,2  
0,0666666666666667 0,2  
0,1  0,2  
0,133333333333333 0,2  
0,166666666666667 0,2  
0,2  0,2  
0,233333333333333 0,2  
0,266666666666667 0,2  
0,3  0,2  
0,333333333333333 0,2  
0,366666666666667 0,2  
0,4  0,2  
0,433333333333333 0,2  
0,466666666666667 0,2  
0,5  0,2  
0,533333333333333 0,2  
0,566666666666667 0,2  
0,6  0,2  
0,633333333333333 0,2  
0,666666666666667 0,2  
0,7  0,2  
0,733333333333333 0,2  
0,766666666666667 0,2  
0,8  0,2  
0,833333333333333 0,2  
0,866666666666667 0,2  
0,9  0,2  
0,933333333333333 0,2  
0,966666666666667 0,2  
1    0,2  
0    0,266666666666667 
0,0333333333333333 0,266666666666667 
0,0666666666666667 0,266666666666667 
0,1  0,266666666666667 
0,133333333333333 0,266666666666667 
0,166666666666667 0,266666666666667 
0,2  0,266666666666667 
0,233333333333333 0,266666666666667 
0,266666666666667 0,266666666666667 
0,3  0,266666666666667 
0,333333333333333 0,266666666666667 
0,366666666666667 0,266666666666667 
0,4  0,266666666666667 
0,433333333333333 0,266666666666667 
0,466666666666667 0,266666666666667 
0,5  0,266666666666667 
0,533333333333333 0,266666666666667 
0,566666666666667 0,266666666666667 
0,6  0,266666666666667 
0,633333333333333 0,266666666666667 
0,666666666666667 0,266666666666667 
0,7  0,266666666666667 
0,733333333333333 0,266666666666667 
0,766666666666667 0,266666666666667 
0,8  0,266666666666667 
0,833333333333333 0,266666666666667 
0,866666666666667 0,266666666666667 
0,9  0,266666666666667 
0,933333333333333 0,266666666666667 
0,966666666666667 0,266666666666667 
1    0,266666666666667 
0    0,333333333333333 
0,0333333333333333 0,333333333333333 
0,0666666666666667 0,333333333333333 
0,1  0,333333333333333 
0,133333333333333 0,333333333333333 
0,166666666666667 0,333333333333333 
0,2  0,333333333333333 
0,233333333333333 0,333333333333333 
0,266666666666667 0,333333333333333 
0,3  0,333333333333333 
0,333333333333333 0,333333333333333 
0,366666666666667 0,333333333333333 
0,4  0,333333333333333 
0,433333333333333 0,333333333333333 
0,466666666666667 0,333333333333333 
0,5  0,333333333333333 
0,533333333333333 0,333333333333333 
0,566666666666667 0,333333333333333 
0,6  0,333333333333333 
0,633333333333333 0,333333333333333 
0,666666666666667 0,333333333333333 
0,7  0,333333333333333 
0,733333333333333 0,333333333333333 
0,766666666666667 0,333333333333333 
0,8  0,333333333333333 
0,833333333333333 0,333333333333333 
0,866666666666667 0,333333333333333 
0,9  0,333333333333333 
0,933333333333333 0,333333333333333 
0,966666666666667 0,333333333333333 
1    0,333333333333333 
0    0,4  
0,0333333333333333 0,4  
0,0666666666666667 0,4  
0,1  0,4  
0,133333333333333 0,4  
0,166666666666667 0,4  
0,2  0,4  
0,233333333333333 0,4  
0,266666666666667 0,4  
0,3  0,4  
0,333333333333333 0,4  
0,366666666666667 0,4  
0,4  0,4  
0,433333333333333 0,4  
0,466666666666667 0,4  
0,5  0,4  
0,533333333333333 0,4  
0,566666666666667 0,4  
0,6  0,4  
0,633333333333333 0,4  
0,666666666666667 0,4  
0,7  0,4  
0,733333333333333 0,4  
0,766666666666667 0,4  
0,8  0,4  
0,833333333333333 0,4  
0,866666666666667 0,4  
0,9  0,4  
0,933333333333333 0,4  
0,966666666666667 0,4  
1    0,4  
0    0,466666666666667 
0,0333333333333333 0,466666666666667 
0,0666666666666667 0,466666666666667 
0,1  0,466666666666667 
0,133333333333333 0,466666666666667 
0,166666666666667 0,466666666666667 
0,2  0,466666666666667 
0,233333333333333 0,466666666666667 
0,266666666666667 0,466666666666667 
0,3  0,466666666666667 
0,333333333333333 0,466666666666667 
0,366666666666667 0,466666666666667 
0,4  0,466666666666667 
0,433333333333333 0,466666666666667 
0,466666666666667 0,466666666666667 
0,5  0,466666666666667 
0,533333333333333 0,466666666666667 
0,566666666666667 0,466666666666667 
0,6  0,466666666666667 
0,633333333333333 0,466666666666667 
0,666666666666667 0,466666666666667 
0,7  0,466666666666667 
0,733333333333333 0,466666666666667 
0,766666666666667 0,466666666666667 
0,8  0,466666666666667 
0,833333333333333 0,466666666666667 
0,866666666666667 0,466666666666667 
0,9  0,466666666666667 
0,933333333333333 0,466666666666667 
0,966666666666667 0,466666666666667 
1    0,466666666666667 
0    0,533333333333333 
0,0333333333333333 0,533333333333333 
0,0666666666666667 0,533333333333333 
0,1  0,533333333333333 
0,133333333333333 0,533333333333333 
0,166666666666667 0,533333333333333 
0,2  0,533333333333333 
0,233333333333333 0,533333333333333 
0,266666666666667 0,533333333333333 
0,3  0,533333333333333 
0,333333333333333 0,533333333333333 
0,366666666666667 0,533333333333333 
0,4  0,533333333333333 
0,433333333333333 0,533333333333333 
0,466666666666667 0,533333333333333 
0,5  0,533333333333333 
0,533333333333333 0,533333333333333 
0,566666666666667 0,533333333333333 
0,6  0,533333333333333 
0,633333333333333 0,533333333333333 
0,666666666666667 0,533333333333333 
0,7  0,533333333333333 
0,733333333333333 0,533333333333333 
0,766666666666667 0,533333333333333 
0,8  0,533333333333333 
0,833333333333333 0,533333333333333 
0,866666666666667 0,533333333333333 
0,9  0,533333333333333 
0,933333333333333 0,533333333333333 
0,966666666666667 0,533333333333333 
1    0,533333333333333 
0    0,6  
0,0333333333333333 0,6  
0,0666666666666667 0,6  
0,1  0,6  
0,133333333333333 0,6  
0,166666666666667 0,6  
0,2  0,6  
0,233333333333333 0,6  
0,266666666666667 0,6  
0,3  0,6  
0,333333333333333 0,6  
0,366666666666667 0,6  
0,4  0,6  
0,433333333333333 0,6  
0,466666666666667 0,6  
0,5  0,6  
0,533333333333333 0,6  
0,566666666666667 0,6  
0,6  0,6  
0,633333333333333 0,6  
0,666666666666667 0,6  
0,7  0,6  
0,733333333333333 0,6  
0,766666666666667 0,6  
0,8  0,6  
0,833333333333333 0,6  
0,866666666666667 0,6  
0,9  0,6  
0,933333333333333 0,6  
0,966666666666667 0,6  
1    0,6  
0    0,666666666666667 
0,0333333333333333 0,666666666666667 
0,0666666666666667 0,666666666666667 
0,1  0,666666666666667 
0,133333333333333 0,666666666666667 
0,166666666666667 0,666666666666667 
0,2  0,666666666666667 
0,233333333333333 0,666666666666667 
0,266666666666667 0,666666666666667 
0,3  0,666666666666667 
0,333333333333333 0,666666666666667 
0,366666666666667 0,666666666666667 
0,4  0,666666666666667 
0,433333333333333 0,666666666666667 
0,466666666666667 0,666666666666667 
0,5  0,666666666666667 
0,533333333333333 0,666666666666667 
0,566666666666667 0,666666666666667 
0,6  0,666666666666667 
0,633333333333333 0,666666666666667 
0,666666666666667 0,666666666666667 
0,7  0,666666666666667 
0,733333333333333 0,666666666666667 
0,766666666666667 0,666666666666667 
0,8  0,666666666666667 
0,833333333333333 0,666666666666667 
0,866666666666667 0,666666666666667 
0,9  0,666666666666667 
0,933333333333333 0,666666666666667 
0,966666666666667 0,666666666666667 
1    0,666666666666667 
0    0,733333333333333 
0,0333333333333333 0,733333333333333 
0,0666666666666667 0,733333333333333 
0,1  0,733333333333333 
0,133333333333333 0,733333333333333 
0,166666666666667 0,733333333333333 
0,2  0,733333333333333 
0,233333333333333 0,733333333333333 
0,266666666666667 0,733333333333333 
0,3  0,733333333333333 
0,333333333333333 0,733333333333333 
0,366666666666667 0,733333333333333 
0,4  0,733333333333333 
0,433333333333333 0,733333333333333 
0,466666666666667 0,733333333333333 
0,5  0,733333333333333 
0,533333333333333 0,733333333333333 
0,566666666666667 0,733333333333333 
0,6  0,733333333333333 
0,633333333333333 0,733333333333333 
0,666666666666667 0,733333333333333 
0,7  0,733333333333333 
0,733333333333333 0,733333333333333 
0,766666666666667 0,733333333333333 
0,8  0,733333333333333 
0,833333333333333 0,733333333333333 
0,866666666666667 0,733333333333333 
0,9  0,733333333333333 
0,933333333333333 0,733333333333333 
0,966666666666667 0,733333333333333 
1    0,733333333333333 
0    0,8  
0,0333333333333333 0,8  
0,0666666666666667 0,8  
0,1  0,8  
0,133333333333333 0,8  
0,166666666666667 0,8  
0,2  0,8  
0,233333333333333 0,8  
0,266666666666667 0,8  
0,3  0,8  
0,333333333333333 0,8  
0,366666666666667 0,8  
0,4  0,8  
0,433333333333333 0,8  
0,466666666666667 0,8  
0,5  0,8  
0,533333333333333 0,8  
0,566666666666667 0,8  
0,6  0,8  
0,633333333333333 0,8  
0,666666666666667 0,8  
0,7  0,8  
0,733333333333333 0,8  
0,766666666666667 0,8  
0,8  0,8  
0,833333333333333 0,8  
0,866666666666667 0,8  
0,9  0,8  
0,933333333333333 0,8  
0,966666666666667 0,8  
1    0,8  
0    0,866666666666667 
0,0333333333333333 0,866666666666667 
0,0666666666666667 0,866666666666667 
0,1  0,866666666666667 
0,133333333333333 0,866666666666667 
0,166666666666667 0,866666666666667 
0,2  0,866666666666667 
0,233333333333333 0,866666666666667 
0,266666666666667 0,866666666666667 
0,3  0,866666666666667 
0,333333333333333 0,866666666666667 
0,366666666666667 0,866666666666667 
0,4  0,866666666666667 
0,433333333333333 0,866666666666667 
0,466666666666667 0,866666666666667 
0,5  0,866666666666667 
0,533333333333333 0,866666666666667 
0,566666666666667 0,866666666666667 
0,6  0,866666666666667 
0,633333333333333 0,866666666666667 
0,666666666666667 0,866666666666667 
0,7  0,866666666666667 
0,733333333333333 0,866666666666667 
0,766666666666667 0,866666666666667 
0,8  0,866666666666667 
0,833333333333333 0,866666666666667 
0,866666666666667 0,866666666666667 
0,9  0,866666666666667 
0,933333333333333 0,866666666666667 
0,966666666666667 0,866666666666667 
1    0,866666666666667 
0    0,933333333333333 
0,0333333333333333 0,933333333333333 
0,0666666666666667 0,933333333333333 
0,1  0,933333333333333 
0,133333333333333 0,933333333333333 
0,166666666666667 0,933333333333333 
0,2  0,933333333333333 
0,233333333333333 0,933333333333333 
0,266666666666667 0,933333333333333 
0,3  0,933333333333333 
0,333333333333333 0,933333333333333 
0,366666666666667 0,933333333333333 
0,4  0,933333333333333 
0,433333333333333 0,933333333333333 
0,466666666666667 0,933333333333333 
0,5  0,933333333333333 
0,533333333333333 0,933333333333333 
0,566666666666667 0,933333333333333 
0,6  0,933333333333333 
0,633333333333333 0,933333333333333 
0,666666666666667 0,933333333333333 
0,7  0,933333333333333 
0,733333333333333 0,933333333333333 
0,766666666666667 0,933333333333333 
0,8  0,933333333333333 
0,833333333333333 0,933333333333333 
0,866666666666667 0,933333333333333 
0,9  0,933333333333333 
0,933333333333333 0,933333333333333 
0,966666666666667 0,933333333333333 
1    0,933333333333333 
0    1    
0,0333333333333333 1    
0,0666666666666667 1    
0,1  1    
0,133333333333333 1    
0,166666666666667 1    
0,2  1    
0,233333333333333 1    
0,266666666666667 1    
0,3  1    
0,333333333333333 1    
0,366666666666667 1    
0,4  1    
0,433333333333333 1    
0,466666666666667 1    
0,5  1    
0,533333333333333 1    
0,566666666666667 1    
0,6  1    
0,633333333333333 1    
0,666666666666667 1    
0,7  1    
0,733333333333333 1    
0,766666666666667 1    
0,8  1    
0,833333333333333 1    
0,866666666666667 1    
0,9  1    
0,933333333333333 1    
0,966666666666667 1    
1    1    
tex_faces
1 32 2 
2 32 33 
2 33 3 
3 33 34 
3 34 4 
4 34 35 
4 35 5 
5 35 36 
5 36 6 
6 36 37 
6 37 7 
7 37 38 
7 38 8 
8 38 39 
8 39 9 
9 39 40 
9 40 10 
10 40 41 
10 41 11 
11 41 42 
11 42 12 
12 42 43 
12 43 13 
13 43 44 
13 44 14 
14 44 45 
14 45 15 
15 45 46 
15 46 16 
16 46 47 
16 47 17 
17 47 48 
17 48 18 
18 48 49 
18 49 19 
19 49 50 
19 50 20 
20 50 51 
20 51 21 
21 51 52 
21 52 22 
22 52 53 
22 53 23 
23 53 54 
23 54 24 
24 54 55 
24 55 25 
25 55 56 
25 56 26 
26 56 57 
26 57 27 
27 57 58 
27 58 28 
28 58 59 
28 59 29 
29 59 60 
29 60 30 
30 60 61 
30 61 31 
31 61 62 
32 63 33 
33 63 64 
33 64 34 
34 64 65 
34 65 35 
35 65 66 
35 66 36 
36 66 67 
36 67 37 
37 67 68 
37 68 38 
38 68 69 
38 69 39 
39 69 70 
39 70 40 
40 70 71 
40 71 41 
41 71 72 
41 72 42 
42 72 73 
42 73 43 
43 73 74 
43 74 44 
44 74 75 
44 75 45 
45 75 76 
45 76 46 
46 76 77 
46 77 47 
47 77 78 
47 78 48 
48 78 79 
48 79 49 
49 79 80 
49 80 50 
50 80 81 
50 81 51 
51 81 82 
51 82 52 
52 82 83 
52 83 53 
53 83 84 
53 84 54 
54 84 85 
54 85 55 
55 85 86 
55 86 56 
56 86 87 
56 87 57 
57 87 88 
57 88 58 
58 88 89 
58 89 59 
59 89 90 
59 90 60 
60 90 91 
60 91 61 
61 91 92 
61 92 62 
62 92 93 
63 94 64 
64 94 95 
64 95 65 
65 95 96 
65 96 66 
66 96 97 
66 97 67 
67 97 98 
67 98 68 
68 98 99 
68 99 69 
69 99 100 
69 100 70 
70 100 101 
70 101 71 
71 101 102 
71 102 72 
72 102 103 
72 103 73 
73 103 104 
73 104 74 
74 104 105 
74 105 75 
75 105 106 
75 106 76 
76 106 107 
76 107 77 
77 107 108 
77 108 78 
78 108 109 
78 109 79 
79 109 110 
79 110 80 
80 110 111 
80 111 81 
81 111 112 
81 112 82 
82 112 113 
82 113 83 
83 113 114 
83 114 84 
84 114 115 
84 115 85 
85 115 116 
85 116 86 
86 116 117 
86 117 87 
87 117 118 
87 118 88 
88 118 119 
88 119 89 
89 119 120 
89 120 90 
90 120 121 
90 121 91 
91 121 122 
91 122 92 
92 122 123 
92 123 93 
93 123 124 
94 125 95 
95 125 126 
95 126 96 
96 126 127 
96 127 97 
97 127 128 
97 128 98 
98 128 129 
98 129 99 
99 129 130 
99 130 100 
100 130 131 
100 131 101 
101 131 132 
101 132 102 
102 132 133 
102 133 103 
103 133 134 
103 134 104 
104 134 135 
104 135 105 
105 135 136 
105 136 106 
106 136 137 
106 137 107 
107 137 138 
107 138 108 
108 138 139 
108 139 109 
109 139 140 
109 140 110 
110 140 141 
110 141 111 
111 141 142 
111 142 112 
112 142 143 
112 143 113 
113 143 144 
113 144 114 
114 144 145 
114 145 115 
115 145 146 
115 146 116 
116 146 147 
116 147 117 
117 147 148 
117 148 118 
118 148 149 
118 149 119 
119 149 150 
119 150 120 
120 150 151 
120 151 121 
121 151 152 
121 152 122 
122 152 153 
122 153 123 
123 153 154 
123 154 124 
124 154 155 
125 156 126 
126 156 157 
126 157 127 
127 157 158 
127 158 128 
128 158 159 
128 159 129 
129 159 160 
129 160 130 
130 160 161 
130 161 131 
131 161 162 
131 162 132 
132 162 163 
132 163 133 
133 163 164 
133 164 134 
134 164 165 
134 165 135 
135 165 166 
135 166 136 
136 166 167 
136 167 137 
137 167 168 
137 168 138 
138 168 169 
138 169 139 
139 169 170 
139 170 140 
140 170 171 
140 171 141 
141 171 172 
141 172 142 
142 172 173 
142 173 143 
143 173 174 
143 174 144 
144 174 175 
144 175 145 
145 175 176 
145 176 146 
146 176 177 
146 177 147 
147 177 178 
147 178 148 
148 178 179 
148 179 149 
149 179 180 
149 180 150 
150 180 181 
150 181 151 
151 181 182 
151 182 152 
152 182 183 
152 183 153 
153 183 184 
153 184 154 
154 184 185 
154 185 155 
155 185 186 
156 187 157 
157 187 188 
157 188 158 
158 188 189 
158 189 159 
159 189 190 
159 190 160 
160 190 191 
160 191 161 
161 191 192 
161 192 162 
162 192 193 
162 193 163 
163 193 194 
163 194 164 
164 194 195 
164 195 165 
165 195 196 
165 196 166 
166 196 197 
166 197 167 
167 197 198 
167 198 168 
168 198 199 
168 199 169 
169 199 200 
169 200 170 
170 200 201 
170 201 171 
171 201 202 
171 202 172 
172 202 203 
172 203 173 
173 203 204 
173 204 174 
174 204 205 
174 205 175 
175 205 206 
175 206 176 
176 206 207 
176 207 177 
177 207 208 
177 208 178 
178 208 209 
178 209 179 
179 209 210 
179 210 180 
180 210 211 
180 211 181 
181 211 212 
181 212 182 
182 212 213 
182 213 183 
183 213 214 
183 214 184 
184 214 215 
184 215 185 
185 215 216 
185 216 186 
186 216 217 
187 218 188 
188 218 219 
188 219 189 
189 219 220 
189 220 190 
190 220 221 
190 221 191 
191 221 222 
191 222 192 
192 222 223 
192 223 193 
193 223 224 
193 224 194 
194 224 225 
194 225 195 
195 225 226 
195 226 196 
196 226 227 
196 227 197 
197 227 228 
197 228 198 
198 228 229 
198 229 199 
199 229 230 
199 230 200 
200 230 231 
200 231 201 
201 231 232 
201 232 202 
202 232 233 
202 233 203 
203 233 234 
203 234 204 
204 234 235 
204 235 205 
205 235 236 
205 236 206 
206 236 237 
206 237 207 
207 237 238 
207 238 208 
208 238 239 
208 239 209 
209 239 240 
209 240 210 
210 240 241 
210 241 211 
211 241 242 
211 242 212 
212 242 243 
212 243 213 
213 243 244 
213 244 214 
214 244 245 
214 245 215 
215 245 246 
215 246 216 
216 246 247 
216 247 217 
217 247 248 
218 249 219 
219 249 250 
219 250 220 
220 250 251 
220 251 221 
221 251 252 
221 252 222 
222 252 253 
222 253 223 
223 253 254 
223 254 224 
224 254 255 
224 255 225 
225 255 256 
225 256 226 
226 256 257 
226 257 227 
227 257 258 
227 258 228 
228 258 259 
228 259 229 
229 259 260 
229 260 230 
230 260 261 
230 261 231 
231 261 262 
231 262 232 
232 262 263 
232 263 233 
233 263 264 
233 264 234 
234 264 265 
234 265 235 
235 265 266 
235 266 236 
236 266 267 
236 267 237 
237 267 268 
237 268 238 
238 268 269 
238 269 239 
239 269 270 
239 270 240 
240 270 271 
240 271 241 
241 271 272 
241 272 242 
242 272 273 
242 273 243 
243 273 274 
243 274 244 
244 274 275 
244 275 245 
245 275 276 
245 276 246 
246 276 277 
246 277 247 
247 277 278 
247 278 248 
248 278 279 
249 280 250 
250 280 281 
250 281 251 
251 281 282 
251 282 252 
252 282 283 
252 283 253 
253 283 284 
253 284 254 
254 284 285 
254 285 255 
255 285 286 
255 286 256 
256 286 287 
256 287 257 
257 287 288 
257 288 258 
258 288 289 
258 289 259 
259 289 290 
259 290 260 
260 290 291 
260 291 261 
261 291 292 
261 292 262 
262 292 293 
262 293 263 
263 293 294 
263 294 264 
264 294 295 
264 295 265 
265 295 296 
265 296 266 
266 296 297 
266 297 267 
267 297 298 
267 298 268 
268 298 299 
268 299 269 
269 299 300 
269 300 270 
270 300 301 
270 301 271 
271 301 302 
271 302 272 
272 302 303 
272 303 273 
273 303 304 
273 304 274 
274 304 305 
274 305 275 
275 305 306 
275 306 276 
276 306 307 
276 307 277 
277 307 308 
277 308 278 
278 308 309 
278 309 279 
279 309 310 
280 311 281 
281 311 312 
281 312 282 
282 312 313 
282 313 283 
283 313 314 
283 314 284 
284 314 315 
284 315 285 
285 315 316 
285 316 286 
286 316 317 
286 317 287 
287 317 318 
287 318 288 
288 318 319 
288 319 289 
289 319 320 
289 320 290 
290 320 321 
290 321 291 
291 321 322 
291 322 292 
292 322 323 
292 323 293 
293 323 324 
293 324 294 
294 324 325 
294 325 295 
295 325 326 
295 326 296 
296 326 327 
296 327 297 
297 327 328 
297 328 298 
298 328 329 
298 329 299 
299 329 330 
299 330 300 
300 330 331 
300 331 301 
301 331 332 
301 332 302 
302 332 333 
302 333 303 
303 333 334 
303 334 304 
304 334 335 
304 335 305 
305 335 336 
305 336 306 
306 336 337 
306 337 307 
307 337 338 
307 338 308 
308 338 339 
308 339 309 
309 339 340 
309 340 310 
310 340 341 
311 342 312 
312 342 343 
312 343 313 
313 343 344 
313 344 314 
314 344 345 
314 345 315 
315 345 346 
315 346 316 
316 346 347 
316 347 317 
317 347 348 
317 348 318 
318 348 349 
318 349 319 
319 349 350 
319 350 320 
320 350 351 
320 351 321 
321 351 352 
321 352 322 
322 352 353 
322 353 323 
323 353 354 
323 354 324 
324 354 355 
324 355 325 
325 355 356 
325 356 326 
326 356 357 
326 357 327 
327 357 358 
327 358 328 
328 358 359 
328 359 329 
329 359 360 
329 360 330 
330 360 361 
330 361 331 
331 361 362 
331 362 332 
332 362 363 
332 363 333 
333 363 364 
333 364 334 
334 364 365 
334 365 335 
335 365 366 
335 366 336 
336 366 367 
336 367 337 
337 367 368 
337 368 338 
338 368 369 
338 369 339 
339 369 370 
339 370 340 
340 370 371 
340 371 341 
341 371 372 
342 373 343 
343 373 374 
343 374 344 
344 374 375 
344 375 345 
345 375 376 
345 376 346 
346 376 377 
346 377 347 
347 377 378 
347 378 348 
348 378 379 
348 379 349 
349 379 380 
349 380 350 
350 380 381 
350 381 351 
351 381 382 
351 382 352 
352 382 383 
352 383 353 
353 383 384 
353 384 354 
354 384 385 
354 385 355 
355 385 386 
355 386 356 
356 386 387 
356 387 357 
357 387 388 
357 388 358 
358 388 389 
358 389 359 
359 389 390 
359 390 360 
360 390 391 
360 391 361 
361 391 392 
361 392 362 
362 392 393 
362 393 363 
363 393 394 
363 394 364 
364 394 395 
364 395 365 
365 395 396 
365 396 366 
366 396 397 
366 397 367 
367 397 398 
367 398 368 
368 398 399 
368 399 369 
369 399 400 
369 400 370 
370 400 401 
370 401 371 
371 401 402 
371 402 372 
372 402 403 
373 404 374 
374 404 405 
374 405 375 
375 405 406 
375 406 376 
376 406 407 
376 407 377 
377 407 408 
377 408 378 
378 408 409 
378 409 379 
379 409 410 
379 410 380 
380 410 411 
380 411 381 
381 411 412 
381 412 382 
382 412 413 
382 413 383 
383 413 414 
383 414 384 
384 414 415 
384 415 385 
385 415 416 
385 416 386 
386 416 417 
386 417 387 
387 417 418 
387 418 388 
388 418 419 
388 419 389 
389 419 420 
389 420 390 
390 420 421 
390 421 391 
391 421 422 
391 422 392 
392 422 423 
392 423 393 
393 423 424 
393 424 394 
394 424 425 
394 425 395 
395 425 426 
395 426 396 
396 426 427 
396 427 397 
397 427 428 
397 428 398 
398 428 429 
398 429 399 
399 429 430 
399 430 400 
400 430 431 
400 431 401 
401 431 432 
401 432 402 
402 432 433 
402 433 403 
403 433 434 
404 435 405 
405 435 436 
405 436 406 
406 436 437 
406 437 407 
407 437 438 
407 438 408 
408 438 439 
408 439 409 
409 439 440 
409 440 410 
410 440 441 
410 441 411 
411 441 442 
411 442 412 
412 442 443 
412 443 413 
413 443 444 
413 444 414 
414 444 445 
414 445 415 
415 445 446 
415 446 416 
416 446 447 
416 447 417 
417 447 448 
417 448 418 
418 448 449 
418 449 419 
419 449 450 
419 450 420 
420 450 451 
420 451 421 
421 451 452 
421 452 422 
422 452 453 
422 453 423 
423 453 454 
423 454 424 
424 454 455 
424 455 425 
425 455 456 
425 456 426 
426 456 457 
426 457 427 
427 457 458 
427 458 428 
428 458 459 
428 459 429 
429 459 460 
429 460 430 
430 460 461 
430 461 431 
431 461 462 
431 462 432 
432 462 463 
432 463 433 
433 463 464 
433 464 434 
434 464 465 
435 466 436 
467 466 436 
436 467 437 
468 467 437 
437 468 438 
469 468 438 
438 469 439 
470 469 439 
439 470 440 
471 470 440 
440 471 441 
472 471 441 
441 472 442 
473 472 442 
442 473 443 
474 473 443 
443 474 444 
475 474 444 
444 475 445 
476 475 445 
445 476 446 
477 476 446 
446 477 447 
478 477 447 
447 478 448 
479 478 448 
448 479 449 
480 479 449 
449 480 450 
481 480 450 
450 481 451 
482 481 451 
451 482 452 
483 482 452 
452 483 453 
484 483 453 
453 484 454 
485 484 454 
454 485 455 
486 485 455 
455 486 456 
487 486 456 
456 487 457 
488 487 457 
457 488 458 
489 488 458 
458 489 459 
490 489 459 
459 490 460 
491 490 460 
460 491 461 
492 491 461 
461 492 462 
493 492 462 
462 493 463 
494 493 463 
463 494 464 
495 494 464 
464 495 465 
496 495 465 
color
255 34 139 34 
texture
data\textures\earth.jpg