vertices
-31,7435434981689 60,8436546469473 63,3796128558467 
-31,7435434981689 60,8436546469473 63,3796128558467 
-31,7435434981689 60,8436546469473 63,3796128558467 
-31,7435434981689 60,8436546469474 63,3796128558467 
-31,7435434981689 60,8436546469474 63,3796128558467 
-31,7435434981689 60,8436546469474 63,3796128558466 
-31,7435434981689 60,8436546469474 63,3796128558466 
-31,7435434981689 60,8436546469474 63,3796128558466 
-31,7435434981689 60,8436546469474 63,3796128558466 
-31,7435434981689 60,8436546469474 63,3796128558466 
-31,7435434981689 60,8436546469474 63,3796128558466 
-31,7435434981689 60,8436546469474 63,3796128558466 
-31,7435434981689 60,8436546469474 63,3796128558466 
-31,7435434981689 60,8436546469473 63,3796128558467 
-31,7435434981689 60,8436546469473 63,3796128558467 
-31,7435434981689 60,8436546469473 63,3796128558467 
-31,7435434981689 60,8436546469473 63,3796128558467 
-31,7435434981689 60,8436546469473 63,3796128558467 
-31,7435434981689 60,8436546469473 63,3796128558467 
-31,7435434981689 60,8436546469473 63,3796128558467 
-31,7435434981689 60,8436546469473 63,3796128558467 
-31,7435434981689 60,8436546469473 63,3796128558467 
-31,7435434981689 60,8436546469473 63,3796128558467 
-31,7435434981689 60,8436546469473 63,3796128558467 
-31,7435434981689 60,8436546469473 63,3796128558467 
-31,7435434981689 60,8436546469473 63,3796128558467 
-31,7435434981689 60,8436546469473 63,3796128558467 
-31,7435434981689 60,8436546469473 63,3796128558467 
-31,7435434981689 60,8436546469473 63,3796128558467 
-31,7435434981689 60,8436546469473 63,3796128558467 
-15,5505629263467 70,4222921268275 59,3294699751921 
-13,839788608249 68,2623593225271 62,2598167573658 
-12,8879227248849 65,6691134168559 65,2260411614159 
-12,7738618088273 62,758996863123 68,0768446940749 
-13,5232328791706 59,6809072509633 70,6564522492479 
-15,0993888717013 56,601396699924 72,8233304290283 
-17,4064984129145 53,6851603348427 74,4673708624455 
-20,3040264881092 51,0763389504625 75,5205868075561 
-23,5609461413428 48,7897186867629 76,0844931070795 
-27,1136143145866 46,869982103226 76,1480705388173 
-30,8991025274047 45,5087234834048 75,5589085242002 
-34,7250209867132 44,7955420976551 74,3273508737003 
-38,3844554400368 44,7782946666926 72,5110882802925 
-41,6801756159399 45,4546298225558 70,2111603879899 
-44,4475007183775 46,7732769415691 67,5592663940091 
-46,5693813138324 48,6445799838778 64,7000989605016 
-48,2801556319301 50,8045127881782 61,7697521783279 
-49,2320215152941 53,3977586938494 58,8035277742778 
-49,3460824313519 56,3078752475822 55,9527242416188 
-48,5967113610085 59,3859648597419 53,3731166864458 
-47,0205553684778 62,4654754107812 51,2062385066653 
-44,7134458272646 65,3817117758624 49,5621980732482 
-41,81591775207 67,9905331602429 48,5089821281377 
-38,5589980988363 70,2771534239423 47,9450758286142 
-35,0063299255925 72,1968900074793 47,8814983968765 
-31,2208417127744 73,5581486273004 48,4706604114937 
-27,3949232534659 74,2713300130502 49,7022180619934 
-23,7354888001423 74,2885774440127 51,5184806554012 
-20,4397686242392 73,6122422881495 53,8184085477038 
-17,6724435218015 72,2935951691361 56,4703025416845 
1,30184944810391 76,9618600022451 52,7266809971643 
5,47857886880904 73,1570959814102 58,4711140054745 
8,0995227104594 68,1996750670109 64,5428716820988 
8,77090529550709 62,3295084504764 70,5144205063184 
7,30883891618503 55,965703075074 75,8913231637589 
3,80639157258505 49,6261551236609 80,223018549724 
-1,38162199124221 43,8133324916521 83,2048518238292 
-7,73120559488606 38,9062196842855 84,7354448532964 
-14,1832843801128 34,3763400237183 85,8525641744316 
-21,0450918104025 30,0079908405331 86,6094044938673 
-28,7080773749635 26,7983756649095 85,8526059566417 
-36,6355908450114 25,1131693108768 83,499905324116 
-44,1839067486547 25,1509596458248 79,6830691931663 
-50,7438996050821 26,8868469416531 74,7310801926511 
-55,8743211809798 30,0824120998825 69,0938159802581 
-59,3801161185299 34,3582262380497 63,2332167099883 
-63,556845539235 38,1629902588847 57,488783701678 
-66,1777893808854 43,120411173284 51,4170260250539 
-66,8491719659331 48,9905777898184 45,4454772008342 
-65,387105586611 55,3543831652206 40,0685745433937 
-61,8846582430109 61,6939311166338 35,7368791574285 
-56,6966446791837 67,5067537486427 32,7550458833235 
-50,3470610755399 72,4138665560092 31,2244528538561 
-43,8949822903131 76,9437462165765 30,1073335327211 
-37,0331748600234 81,3120953997617 29,3504932132854 
-29,3701892954625 84,5217105753853 30,107291750511 
-21,4426758254146 86,206916929418 32,4599923830366 
-13,8943599217712 86,16912659447 36,2768285139863 
-7,33436706534389 84,4332392986417 41,2288175145016 
-2,20394548944611 81,2376741404124 46,8660817268945 
18,0771623375727 80,1765477767162 43,8598194838 
25,8801907792184 75,5739493778925 52,1863878617384 
31,2834502755064 68,6562774469827 61,533479427679 
33,2080887676231 59,7960297378909 71,0031601396175 
31,103576612495 49,8710215399203 79,4770064417123 
25,1499215526183 40,0386360713796 85,9341010656265 
16,2161768692142 31,4088458092848 89,7441474597651 
5,58989958294397 24,7358689672323 90,8279755251216 
-3,90573674834393 18,0691664496294 92,4720594188959 
-13,6339814085705 10,4516273145485 94,9124334744066 
-25,2561230134041 4,64952759178653 94,6614536230115 
-37,6553682191924 1,59669693181185 91,3819983565992 
-49,3927010031295 1,80361365238696 85,3047428179325 
-59,112439909476 5,19107220407575 77,1847135242102 
-65,9233720020144 11,1204444451099 68,0813477879516 
-69,6158573285699 18,6089756216869 59,0430758975361 
-77,4188857702157 23,2115740205107 50,7165075195978 
-82,8221452665036 30,1292459514206 41,3694159536572 
-84,7467837586203 38,9894936605123 31,8997352417187 
-82,6422716034923 48,9145018584831 23,4258889396238 
-76,6886165436154 58,7468873270236 16,9687943157095 
-67,7548718602114 67,3766775891185 13,158747921571 
-57,1285945739413 74,0496544311709 12,0749198562145 
-47,6329582426534 80,7163569487739 10,4308359624403 
-37,9047135824268 88,3338960838548 7,99046190692946 
-26,2825719775931 94,1359958066166 8,24144175832452 
-13,8833267718048 97,1888264665915 11,520897024737 
-2,14599398786769 96,9819097460164 17,5981525634037 
7,5737449184787 93,5944511943275 25,7181818571259 
14,3846770110171 87,6650789532933 34,8215475933845 
34,0422140719078 79,9258581687132 33,1164098311554 
46,4733987846988 75,4072914211984 43,6803110161001 
55,6506110868361 67,0189648417451 56,329389280341 
59,4696664271729 55,2692859020863 69,5217033267637 
56,8210359926113 41,6632294741148 81,2567905178445 
47,9983863906511 28,2578601316856 89,7069762659765 
34,6177899146451 17,0138358790913 93,7994591719412 
19,077092827355 9,18459912252486 93,5319059974666 
6,82251860531047 0,58089970018438 95,6536751344268 
-5,20418419610369 -10,9444015467985 100,694275271632 
-20,6941064126416 -19,9698097932037 101,600462610749 
-37,7397839445698 -24,7260923520204 97,6291446831516 
-53,7831888999728 -24,2433522607119 89,1304150414056 
-66,4200511611078 -18,6844849262663 77,4648248322392 
-74,1554614399062 -9,28389704661904 64,5661115354548 
-76,8292539365382 2,08514596001379 52,3128057831756 
-89,2604386493294 6,60371270752851 41,7489045982308 
-98,4376509514667 14,9920392869818 29,0998263339899 
-102,256706291803 26,7417182266407 15,9075122875672 
-99,6080758572418 40,3477746546122 4,1724250964866 
-90,7854262552818 53,7531439970413 -4,27776065164565 
-77,4048297792756 64,9971682496357 -8,37024355761027 
-61,8641326919856 72,8264050062021 -8,10269038313574 
-49,609558469941 81,4301044285426 -10,2244595200959 
-37,5828556685269 92,9554056755256 -15,2650596573015 
-22,092933451989 101,980813921931 -16,171246996418 
-5,04725592006068 106,737096480747 -12,1999290688208 
10,9961490353422 106,254356389439 -3,70119942707461 
23,6330112964772 100,695489054993 7,96439078209167 
31,3684215752756 91,294901175346 20,863104078876 
48,4992552815006 76,2207475170477 20,96599059365 
65,8452436734623 72,4043976299078 33,317341072305 
79,1541337482796 63,0277601321808 48,9845277261918 
85,1489406548921 48,7250477460772 65,7174432324758 
82,0758744501353 31,6904396056626 80,5313204666819 
70,3508014908197 14,9828491181619 90,6979256740445 
52,4335232563469 1,5082052650662 94,6595888141249 
31,976446069267 -6,93860424252326 92,5225394873453 
17,4179351579004 -17,1598530308281 95,043214508128 
3,70665910767709 -32,7019831374185 103,096206408355 
-15,2315129294216 -45,1028377280963 105,515732487751 
-36,621532432005 -51,6447128460731 101,082707238381 
-56,6592176200456 -50,8357160410879 90,2702484254682 
-71,773503007693 -42,9356130249766 75,1162884696287 
-79,8120336820491 -29,8587581792077 58,5365865611139 
-80,7050458969494 -14,4910921006228 43,3365514663234 
-98,051034288911 -10,6747422134828 30,9852009876684 
-111,359924363728 -1,29810471575588 15,3180143337815 
-117,354731270341 13,0046076703476 -1,41490117250256 
-114,281665065584 30,0392158107623 -16,2287784067085 
-102,556592106269 46,7468062982629 -26,395383614071 
-84,6393138717956 60,2214501513587 -30,3570467541517 
-64,1822366847158 68,6682596589481 -28,219997427372 
-49,6237257733491 78,8895084472529 -30,7406724481548 
-35,9124497231258 94,4316385538434 -38,7936643483817 
-16,9742776860272 106,832493144521 -41,213190427778 
4,41574181655647 113,374368262498 -36,7801651784074 
24,4534270045969 112,565371457513 -25,9677063654949 
39,5677123922443 104,665268441401 -10,8137464096553 
47,6062430666003 91,5884135956324 5,76595549885949 
60,8164438929118 69,2231469362911 7,93959339614324 
82,3191330360281 66,2758067124725 21,5385798842358 
99,178038524116 56,3206623492212 39,5391436914911 
107,08659516891 40,0900136799744 59,0813519565749 
103,723400933314 20,3713479439718 76,3265817139017 
89,6083465681069 1,09173818761752 87,7652769481484 
67,9374576106538 -14,0246186710844 91,4229766329548 
43,4580727608071 -22,7198348219262 87,5098304641507 
27,231901946431 -34,1119153571531 90,3192457748069 
12,4353012047957 -52,9916086582785 101,032675049473 
-9,12343165941051 -68,2259327417137 104,859794969305 
-33,9229466396851 -76,2674890847958 100,158806873574 
-57,0791690661645 -75,1675926085088 87,505175223553 
-74,0103107824961 -65,271526321436 69,5251462878782 
-82,0006394887907 -49,0899258160171 49,9890682992717 
-81,0738425030199 -30,3952774153579 32,506618333473 
-102,576531646136 -27,4479371915392 18,9076318453804 
-119,435437134224 -17,4927928282879 0,90706803812518 
-127,343993779018 -1,26214415904112 -18,6351402269587 
-123,980799543422 18,4565215769616 -35,8803699842856 
-109,865745178215 37,7361313333158 -47,3190652185322 
-88,1948562207621 52,8524881920177 -50,9767649033386 
-63,7154713709154 61,5477043428596 -47,0636187345345 
-47,4893005565393 72,9397848780864 -49,8730340451908 
-32,6926998149038 91,8194781792117 -60,5864633198567 
-11,1339669506976 107,053802262647 -64,413583239689 
13,665548029577 115,095358605729 -59,7125951439577 
36,8217704560564 113,995462129442 -47,0589634939368 
53,7529121723879 104,099395842369 -29,078934558262 
61,7432408786825 87,9177953369503 -9,54285656965542 
70,455459659394 59,2388851500358 -5,39346569624509 
94,3451290253439 56,8686653405163 8,8470061768708 
113,258421677284 46,6543680834067 28,1252890143241 
122,286840423128 29,3822599279115 49,2281662101522 
118,776581233475 8,18349034708732 67,8206204228253 
103,30746200833 -12,51041098039 79,9388378125744 
79,5047104028917 -28,50002008899 83,3671101510974 
52,7540478073602 -37,2601321613988 78,3786986752654 
35,6499611124094 -49,2685804477775 81,3401172123498 
20,3264578643055 -70,0479260346289 93,6132914986089 
-2,65316261195198 -86,9033150762669 98,2849654689645 
-29,3354277171074 -95,8030850132782 93,4648805750221 
-54,2087675035839 -94,5318910209698 79,7867908447206 
-72,104202120036 -83,4851431221044 60,219157572533 
-79,9803963948549 -65,5219126739308 39,0299005736074 
-77,9195255733824 -44,9323207691891 20,2963264303149 
-101,809194939332 -42,5621009596697 6,05585455719915 
-120,722487591273 -32,3478037025601 -13,2224282802542 
-129,750906337116 -15,0756955470649 -34,3253054760821 
-126,240647147463 6,12307403375931 -52,9177596887554 
-110,771527922318 26,8169753612366 -65,0359770785045 
-86,96877631688 42,8065844698366 -68,4642494170275 
-60,2181137213486 51,5666965422455 -63,4758379411956 
-43,1140270263978 63,5751448286241 -66,4372564782798 
-27,7905237782939 84,3544904154753 -78,7104307645389 
-4,81090330203633 101,209879457113 -83,3821047348945 
21,8713618031192 110,109649394125 -78,5620198409521 
46,7447015895957 108,838455401816 -64,8839301106509 
64,6401362060476 97,791707502951 -45,3162968384631 
72,5163304808665 79,8284770547774 -24,1270398395375 
76,9950725322994 46,7042433515629 -18,4505502695463 
100,884741898249 44,3340235420436 -4,21007839643046 
119,79803455019 34,1197262849338 15,068204441023 
128,826453296034 16,8476181294386 36,1710816368509 
125,316194106381 -4,35115145138556 54,7635358495242 
109,847074881235 -25,0450527788629 66,8817532392732 
86,0443232757971 -41,0346618874628 70,3100255777963 
59,2936606802657 -49,7947739598717 65,3216141019643 
42,1895739853149 -61,8032222462504 68,2830326390485 
26,8660707372109 -82,5825678331016 80,5562069253076 
3,88645026095348 -99,4379568747397 85,2278808956634 
-22,7958148442019 -108,337726811751 80,407796001721 
-47,6691546306785 -107,066532819443 66,7297062714196 
-65,5645892471306 -96,0197849205773 47,1620729992317 
-73,4407835219494 -78,0565544724039 25,9728160003062 
-71,3799127004768 -57,466962567662 7,23924185701387 
-95,2695820664269 -55,0967427581426 -7,00123001610199 
-114,182874718367 -44,882445501033 -26,2795128535554 
-123,211293464211 -27,6103373455377 -47,3823900493833 
-119,701034274558 -6,4115677647135 -65,9748442620567 
-104,231915049413 14,2823335627638 -78,0930616518057 
-80,4291634439746 30,2719426713638 -81,5213339903287 
-53,6785008484432 39,0320547437727 -76,5329225144967 
-36,5744141534924 51,0405030301513 -79,494341051581 
-21,2509109053885 71,8198486170026 -91,7675153378401 
1,72870957086911 88,6752376586406 -96,4391893081957 
28,4109746760246 97,5750075956518 -91,6191044142532 
53,284314462501 96,3038136033435 -77,941014683952 
71,179749078953 85,2570657044781 -58,3733814117642 
79,0559433537718 67,2938352563047 -37,1841244128387 
80,1593582833023 32,1480925050721 -30,6807460639882 
101,662047426418 29,2007522812534 -17,0817595758955 
118,520952914506 19,2456079180021 0,918804231359761 
126,4295095593 3,01495924875531 20,4610124964435 
123,066315323704 -16,7037064872473 37,7062422537705 
108,951260958497 -35,9833162436017 49,1449374880171 
87,2803720010442 -51,0996731023036 52,8026371728234 
62,8009871511975 -59,7948892531453 48,8894910040192 
46,5748163368216 -71,1869697883723 51,6989063146757 
31,7782155951861 -90,0666630894975 62,4123355893415 
10,2194827309799 -105,300987172933 66,2394555091738 
-14,5800322492946 -113,342543516015 61,5384674134426 
-37,7362546757741 -112,242647039728 48,8848357634217 
-54,6673963921057 -102,346580752655 30,9048068277468 
-62,6577250984003 -86,1649802472361 11,3687288391403 
-61,7309281126296 -67,4703318465769 -6,11372112665836 
-83,2336172557458 -64,5229916227583 -19,712707614751 
-100,092522743834 -54,567847259507 -37,7132714220062 
-108,001079388628 -38,3371985902603 -57,25547968709 
-104,637885153031 -18,6185328542576 -74,5007094444169 
-90,5228307878249 0,661076902096667 -85,9394046786637 
-68,8519418303716 15,7774337607986 -89,5971043634699 
-44,372556980525 24,4726499116404 -85,6839581946658 
-28,1463861661489 35,8647304468673 -88,4933735053221 
-13,3497854245135 54,7444237479927 -99,2068027799881 
8,20894743969286 69,9787478314279 -103,03392269982 
33,0084624199674 78,02030417451 -98,3329346040893 
56,1646848464468 76,9204076982231 -85,6793029540682 
73,0958265627783 67,0243414111501 -67,6992740183934 
81,0861552690729 50,8427409057312 -48,1631960297867 
79,9092812771259 16,0163543232096 -41,7477164475832 
97,2552696690875 12,2000044360697 -29,3963659689283 
110,564159743905 2,82336693834264 -13,7291793150414 
116,558966650517 -11,4793454477609 3,00373619124258 
113,485900445761 -28,5139535881755 17,8176134254487 
101,760827486445 -45,2215440756761 27,9842186328112 
83,843549251972 -58,6961879287718 31,9458817728918 
63,3864720648923 -67,1429974363614 29,8088324461122 
48,8279611535256 -77,3642462246662 32,3295074668949 
35,1166851033024 -92,9063763312566 40,3824993671219 
16,1785130662037 -105,307230921934 42,8020254465181 
-5,21150643637984 -111,849106039911 38,3690001971476 
-25,2491916244204 -111,040109234926 27,556541384235 
-40,3634770120678 -103,140006218815 12,4025814283955 
-48,4020076864239 -90,0631513730458 -4,17712048011931 
-49,2950199013241 -74,695485294461 -19,3771555749098 
-66,6410082932856 -70,879135407321 -31,7285060535648 
-79,9498983681032 -61,5024979095939 -47,3956927074516 
-85,9447052747156 -47,1997855234904 -64,1286082137356 
-82,8716390699588 -30,1651773830758 -78,9424854479416 
-71,1465661106432 -13,4575868955751 -89,1090906553042 
-53,2292878761704 0,0170569575205857 -93,0707537953849 
-32,7722106890906 8,46386646511001 -90,9337044686053 
-18,2136997777239 18,6851152534148 -93,4543794893879 
-4,50242372750053 34,2272453600054 -101,507371389615 
14,435748309598 46,6280999506831 -103,926897469011 
35,8257678121818 53,16997506866 -99,4938722196406 
55,8634530002222 52,3609782636747 -88,6814134067281 
70,9777383878696 44,4608752475633 -73,5274534508885 
79,0162690622256 31,3840204017944 -56,9477515423737 
76,5970984651373 -1,64016768192285 -51,8492808493379 
89,0282831779284 -6,15873442943761 -41,2853796643931 
98,2054954800658 -14,5470610088908 -28,6363014001523 
102,024550820403 -26,2967399485498 -15,4439873537296 
99,3759203858407 -39,9027963765213 -3,70890016264893 
90,5532707838807 -53,3081657189504 4,74128558548334 
77,1726743078747 -64,5521899715448 8,8337684914479 
61,6319772205846 -72,3814267281111 8,56621531697342 
49,3774029985401 -80,9851261504516 10,6879844539335 
37,3507001971259 -92,5104273974346 15,7285845911391 
21,860777980588 -101,53583564384 16,6347719302554 
4,81510044865978 -106,292118202656 12,6634540026585 
-11,2283045067432 -105,809378111348 4,16472436091224 
-23,8651667678782 -100,250510776902 -7,50086584825399 
-31,6005770466766 -90,8499228972551 -20,3995791450384 
-34,2743695433086 -79,4808798906222 -32,6528848973177 
-46,7055542560997 -74,9623131431074 -43,2167860822625 
-55,882766558237 -66,5739865636543 -55,8658643465034 
-59,7018218985739 -54,8243076239953 -69,0581783929261 
-57,0531914640122 -41,2182511960238 -80,7932655840067 
-48,2305418620521 -27,8128818535947 -89,243451332139 
-34,849945386046 -16,5688576010003 -93,3359342381035 
-19,3092482987561 -8,73962084443389 -93,068381063629 
-7,05467407671151 -0,135921422093421 -95,190150200589 
4,97202872470275 11,3893798248895 -100,230750337795 
20,4619509412406 20,4147880712947 -101,136937676911 
37,5076284731689 25,1710706301114 -97,1656197493141 
53,5510334285717 24,6883305388029 -88,666890107568 
66,1878956897068 19,1294632043573 -77,0012998984017 
73,9233059685052 9,72887532471002 -64,1025866016172 
71,1237967005882 -21,499281248244 -62,0538492100405 
78,926825142234 -26,1018796470679 -53,7272808321023 
84,330084638522 -33,0195515779777 -44,3801892661615 
86,2547231306386 -41,8797992870694 -34,9105085542231 
84,1502109755106 -51,8048074850402 -26,4366622521282 
78,1965559156338 -61,6371929535807 -19,9795676282139 
69,2628112322298 -70,2669832156755 -16,1695212340753 
58,6365339459595 -76,9399600577279 -15,0856931687189 
49,1408976146717 -83,606662575331 -13,4416092749446 
39,4126529544451 -91,2242017104117 -11,0012352194338 
27,7905113496114 -97,0263014331736 -11,2522150708288 
15,3912661438232 -100,079132093148 -14,5316703372413 
3,65393335988598 -99,8722153725733 -20,608925875908 
-6,06580554646039 -96,4847568208846 -28,7289551696304 
-12,8767376389989 -90,5553845798504 -37,8323209058889 
-16,5692229655544 -83,0668534032732 -46,8705927963044 
-24,3722514072001 -78,4642550044495 -55,1971611742426 
-29,7755109034881 -71,5465830735396 -64,5442527401833 
-31,7001493956047 -62,6863353644479 -74,0139334521218 
-29,5956372404768 -52,7613271664773 -82,4877797542167 
-23,6419821806 -42,9289416979367 -88,9448743781309 
-14,7082374971959 -34,2991514358419 -92,7549207722695 
-4,0819602109257 -27,6261745937894 -93,8387488376259 
5,4136761203622 -20,9594720761864 -95,4828327314002 
15,1419207805888 -13,3419329411056 -97,923206786911 
26,7640623854225 -7,53983321834362 -97,672226935516 
39,1633075912107 -4,48700255836891 -94,3927716691036 
50,9006403751479 -4,69391927894399 -88,3155161304368 
60,6203792814942 -8,08137783063282 -80,1954868367145 
67,4313113740327 -14,0107500716671 -71,092121100456 
65,0898725024902 -45,3022610640269 -74,6333979511745 
69,2666019231953 -49,107025084862 -68,8889649428642 
71,8875457648456 -54,0644459992612 -62,81720726624 
72,5589283498933 -59,9346126157956 -56,8456584420204 
71,0968619705713 -66,298417991198 -51,4687557845799 
67,5944146269713 -72,6379659426112 -47,1370603986146 
62,4064010631439 -78,4507885746198 -44,1552271245096 
56,0568174595002 -83,3579013819866 -42,6246340950423 
49,6047386742734 -87,8877810425537 -41,5075147739071 
42,7429312439837 -92,2561302257388 -40,7506744544715 
35,0799456794228 -95,4657454013626 -41,5074729916972 
27,1524322093748 -97,1509517553952 -43,8601736242227 
19,6041163057315 -97,1131614204472 -47,6770097551724 
13,0441234493042 -95,377274124619 -52,6289987556878 
7,91370187340641 -92,1817089663895 -58,2662629680807 
4,40790693585638 -87,9058948282222 -64,1268622383504 
0,231177515151243 -84,1011308073873 -69,8712952466607 
-2,3897663264991 -79,143709892988 -75,9430529232849 
-3,06114891154685 -73,2735432764536 -81,9146017475046 
-1,59908253222477 -66,9097379010513 -87,2915044049451 
1,90336481137519 -60,5701899496381 -91,6231997909103 
7,09137837520248 -54,7573673176293 -94,6050330650152 
13,4409619788462 -49,8502545102628 -96,1356260944827 
19,8930407640731 -45,3203748496955 -97,2527454156178 
26,7548481943629 -40,9520256665104 -98,0095857350535 
34,4178337589237 -37,7424104908867 -97,2527871978278 
42,3453472289717 -36,057204136854 -94,9000865653022 
49,893663132615 -36,094994471802 -91,0832504343525 
56,4536559890424 -37,8308817676303 -86,1312614338372 
61,5840775649402 -41,0264469258596 -80,4939972214443 
60,9397366294285 -76,1886043624568 -93,3921558682622 
62,6505109475262 -78,3485371667573 -90,4618090860884 
63,6023768308902 -80,9417830724284 -87,4955846820384 
63,7164377469479 -83,8518996261613 -84,6447811493794 
62,9670666766045 -86,9299892383209 -82,0651735942064 
61,3909106840739 -90,0094997893603 -79,8982954144259 
59,0838011428607 -92,9257361544416 -78,2542549810087 
56,186273067666 -95,5345575388219 -77,2010390358984 
52,9293534144324 -97,8211778025213 -76,6371327363747 
49,3766852411885 -99,7409143860583 -76,5735553046369 
45,5911970283705 -101,10217300588 -77,1627173192543 
41,7652785690619 -101,815354391629 -78,3942749697539 
38,1058441157384 -101,832601822592 -80,2105375631617 
34,8101239398353 -101,156266666729 -82,5104654554643 
32,0427988373977 -99,8376195477151 -85,162359449445 
29,9209182419427 -97,9663165054066 -88,0215268829527 
28,210143923845 -95,8063837011061 -90,9518736651265 
27,2582780404809 -93,213137795435 -93,9180980691765 
27,1442171244234 -90,3030212417021 -96,7689016018353 
27,8935881947666 -87,2249316295425 -99,3485091570085 
29,4697441872973 -84,1454210785032 -101,515387336789 
31,7768537285105 -81,2291847134218 -103,159427770206 
34,6743818037052 -78,6203633290415 -104,212643715317 
37,9313014569389 -76,3337430653421 -104,77655001484 
41,4839696301826 -74,4140064818051 -104,840127446578 
45,2694578430008 -73,052747861984 -104,250965431961 
49,0953763023093 -72,3395664762342 -103,019407781461 
52,7548107556329 -72,3223190452717 -101,203145188053 
56,0505309315358 -72,9986542011349 -98,9032172957504 
58,8178560339736 -74,3173013201483 -96,2513233017696 
62,1003456444983 -119,029306985462 -123,990438099313 
62,1003456444984 -119,029306985462 -123,990438099313 
62,1003456444984 -119,029306985462 -123,990438099313 
62,1003456444984 -119,029306985462 -123,990438099313 
62,1003456444984 -119,029306985462 -123,990438099313 
62,1003456444984 -119,029306985462 -123,990438099313 
62,1003456444984 -119,029306985462 -123,990438099313 
62,1003456444983 -119,029306985462 -123,990438099313 
62,1003456444983 -119,029306985462 -123,990438099313 
62,1003456444983 -119,029306985462 -123,990438099313 
62,1003456444983 -119,029306985462 -123,990438099313 
62,1003456444983 -119,029306985462 -123,990438099313 
62,1003456444983 -119,029306985462 -123,990438099313 
62,1003456444983 -119,029306985462 -123,990438099313 
62,1003456444983 -119,029306985462 -123,990438099313 
62,1003456444983 -119,029306985462 -123,990438099313 
62,1003456444983 -119,029306985462 -123,990438099313 
62,1003456444983 -119,029306985462 -123,990438099313 
62,1003456444983 -119,029306985462 -123,990438099313 
62,1003456444983 -119,029306985462 -123,990438099313 
62,1003456444983 -119,029306985462 -123,990438099313 
62,1003456444983 -119,029306985462 -123,990438099313 
62,1003456444983 -119,029306985462 -123,990438099313 
62,1003456444983 -119,029306985462 -123,990438099313 
62,1003456444984 -119,029306985462 -123,990438099313 
62,1003456444984 -119,029306985462 -123,990438099313 
62,1003456444984 -119,029306985462 -123,990438099313 
62,1003456444984 -119,029306985462 -123,990438099313 
62,1003456444984 -119,029306985462 -123,990438099313 
62,1003456444984 -119,029306985462 -123,990438099313 
faces
1 31 1 
1 31 32 
1 32 1 
1 32 33 
1 33 1 
1 33 34 
1 34 1 
1 34 35 
1 35 1 
1 35 36 
1 36 1 
1 36 37 
1 37 1 
1 37 38 
1 38 1 
1 38 39 
1 39 1 
1 39 40 
1 40 1 
1 40 41 
1 41 1 
1 41 42 
1 42 1 
1 42 43 
1 43 1 
1 43 44 
1 44 1 
1 44 45 
1 45 1 
1 45 46 
1 46 1 
1 46 47 
1 47 1 
1 47 48 
1 48 1 
1 48 49 
1 49 1 
1 49 50 
1 50 1 
1 50 51 
1 51 1 
1 51 52 
1 52 1 
1 52 53 
1 53 1 
1 53 54 
1 54 1 
1 54 55 
1 55 1 
1 55 56 
1 56 1 
1 56 57 
1 57 1 
1 57 58 
1 58 1 
1 58 59 
1 59 1 
1 59 60 
1 60 1 
1 60 31 
31 61 32 
32 61 62 
32 62 33 
33 62 63 
33 63 34 
34 63 64 
34 64 35 
35 64 65 
35 65 36 
36 65 66 
36 66 37 
37 66 67 
37 67 38 
38 67 68 
38 68 39 
39 68 69 
39 69 40 
40 69 70 
40 70 41 
41 70 71 
41 71 42 
42 71 72 
42 72 43 
43 72 73 
43 73 44 
44 73 74 
44 74 45 
45 74 75 
45 75 46 
46 75 76 
46 76 47 
47 76 77 
47 77 48 
48 77 78 
48 78 49 
49 78 79 
49 79 50 
50 79 80 
50 80 51 
51 80 81 
51 81 52 
52 81 82 
52 82 53 
53 82 83 
53 83 54 
54 83 84 
54 84 55 
55 84 85 
55 85 56 
56 85 86 
56 86 57 
57 86 87 
57 87 58 
58 87 88 
58 88 59 
59 88 89 
59 89 60 
60 89 90 
60 90 31 
31 90 61 
61 91 62 
62 91 92 
62 92 63 
63 92 93 
63 93 64 
64 93 94 
64 94 65 
65 94 95 
65 95 66 
66 95 96 
66 96 67 
67 96 97 
67 97 68 
68 97 98 
68 98 69 
69 98 99 
69 99 70 
70 99 100 
70 100 71 
71 100 101 
71 101 72 
72 101 102 
72 102 73 
73 102 103 
73 103 74 
74 103 104 
74 104 75 
75 104 105 
75 105 76 
76 105 106 
76 106 77 
77 106 107 
77 107 78 
78 107 108 
78 108 79 
79 108 109 
79 109 80 
80 109 110 
80 110 81 
81 110 111 
81 111 82 
82 111 112 
82 112 83 
83 112 113 
83 113 84 
84 113 114 
84 114 85 
85 114 115 
85 115 86 
86 115 116 
86 116 87 
87 116 117 
87 117 88 
88 117 118 
88 118 89 
89 118 119 
89 119 90 
90 119 120 
90 120 61 
61 120 91 
91 121 92 
92 121 122 
92 122 93 
93 122 123 
93 123 94 
94 123 124 
94 124 95 
95 124 125 
95 125 96 
96 125 126 
96 126 97 
97 126 127 
97 127 98 
98 127 128 
98 128 99 
99 128 129 
99 129 100 
100 129 130 
100 130 101 
101 130 131 
101 131 102 
102 131 132 
102 132 103 
103 132 133 
103 133 104 
104 133 134 
104 134 105 
105 134 135 
105 135 106 
106 135 136 
106 136 107 
107 136 137 
107 137 108 
108 137 138 
108 138 109 
109 138 139 
109 139 110 
110 139 140 
110 140 111 
111 140 141 
111 141 112 
112 141 142 
112 142 113 
113 142 143 
113 143 114 
114 143 144 
114 144 115 
115 144 145 
115 145 116 
116 145 146 
116 146 117 
117 146 147 
117 147 118 
118 147 148 
118 148 119 
119 148 149 
119 149 120 
120 149 150 
120 150 91 
91 150 121 
121 151 122 
122 151 152 
122 152 123 
123 152 153 
123 153 124 
124 153 154 
124 154 125 
125 154 155 
125 155 126 
126 155 156 
126 156 127 
127 156 157 
127 157 128 
128 157 158 
128 158 129 
129 158 159 
129 159 130 
130 159 160 
130 160 131 
131 160 161 
131 161 132 
132 161 162 
132 162 133 
133 162 163 
133 163 134 
134 163 164 
134 164 135 
135 164 165 
135 165 136 
136 165 166 
136 166 137 
137 166 167 
137 167 138 
138 167 168 
138 168 139 
139 168 169 
139 169 140 
140 169 170 
140 170 141 
141 170 171 
141 171 142 
142 171 172 
142 172 143 
143 172 173 
143 173 144 
144 173 174 
144 174 145 
145 174 175 
145 175 146 
146 175 176 
146 176 147 
147 176 177 
147 177 148 
148 177 178 
148 178 149 
149 178 179 
149 179 150 
150 179 180 
150 180 121 
121 180 151 
151 181 152 
152 181 182 
152 182 153 
153 182 183 
153 183 154 
154 183 184 
154 184 155 
155 184 185 
155 185 156 
156 185 186 
156 186 157 
157 186 187 
157 187 158 
158 187 188 
158 188 159 
159 188 189 
159 189 160 
160 189 190 
160 190 161 
161 190 191 
161 191 162 
162 191 192 
162 192 163 
163 192 193 
163 193 164 
164 193 194 
164 194 165 
165 194 195 
165 195 166 
166 195 196 
166 196 167 
167 196 197 
167 197 168 
168 197 198 
168 198 169 
169 198 199 
169 199 170 
170 199 200 
170 200 171 
171 200 201 
171 201 172 
172 201 202 
172 202 173 
173 202 203 
173 203 174 
174 203 204 
174 204 175 
175 204 205 
175 205 176 
176 205 206 
176 206 177 
177 206 207 
177 207 178 
178 207 208 
178 208 179 
179 208 209 
179 209 180 
180 209 210 
180 210 151 
151 210 181 
181 211 182 
182 211 212 
182 212 183 
183 212 213 
183 213 184 
184 213 214 
184 214 185 
185 214 215 
185 215 186 
186 215 216 
186 216 187 
187 216 217 
187 217 188 
188 217 218 
188 218 189 
189 218 219 
189 219 190 
190 219 220 
190 220 191 
191 220 221 
191 221 192 
192 221 222 
192 222 193 
193 222 223 
193 223 194 
194 223 224 
194 224 195 
195 224 225 
195 225 196 
196 225 226 
196 226 197 
197 226 227 
197 227 198 
198 227 228 
198 228 199 
199 228 229 
199 229 200 
200 229 230 
200 230 201 
201 230 231 
201 231 202 
202 231 232 
202 232 203 
203 232 233 
203 233 204 
204 233 234 
204 234 205 
205 234 235 
205 235 206 
206 235 236 
206 236 207 
207 236 237 
207 237 208 
208 237 238 
208 238 209 
209 238 239 
209 239 210 
210 239 240 
210 240 181 
181 240 211 
211 241 212 
212 241 242 
212 242 213 
213 242 243 
213 243 214 
214 243 244 
214 244 215 
215 244 245 
215 245 216 
216 245 246 
216 246 217 
217 246 247 
217 247 218 
218 247 248 
218 248 219 
219 248 249 
219 249 220 
220 249 250 
220 250 221 
221 250 251 
221 251 222 
222 251 252 
222 252 223 
223 252 253 
223 253 224 
224 253 254 
224 254 225 
225 254 255 
225 255 226 
226 255 256 
226 256 227 
227 256 257 
227 257 228 
228 257 258 
228 258 229 
229 258 259 
229 259 230 
230 259 260 
230 260 231 
231 260 261 
231 261 232 
232 261 262 
232 262 233 
233 262 263 
233 263 234 
234 263 264 
234 264 235 
235 264 265 
235 265 236 
236 265 266 
236 266 237 
237 266 267 
237 267 238 
238 267 268 
238 268 239 
239 268 269 
239 269 240 
240 269 270 
240 270 211 
211 270 241 
241 271 242 
242 271 272 
242 272 243 
243 272 273 
243 273 244 
244 273 274 
244 274 245 
245 274 275 
245 275 246 
246 275 276 
246 276 247 
247 276 277 
247 277 248 
248 277 278 
248 278 249 
249 278 279 
249 279 250 
250 279 280 
250 280 251 
251 280 281 
251 281 252 
252 281 282 
252 282 253 
253 282 283 
253 283 254 
254 283 284 
254 284 255 
255 284 285 
255 285 256 
256 285 286 
256 286 257 
257 286 287 
257 287 258 
258 287 288 
258 288 259 
259 288 289 
259 289 260 
260 289 290 
260 290 261 
261 290 291 
261 291 262 
262 291 292 
262 292 263 
263 292 293 
263 293 264 
264 293 294 
264 294 265 
265 294 295 
265 295 266 
266 295 296 
266 296 267 
267 296 297 
267 297 268 
268 297 298 
268 298 269 
269 298 299 
269 299 270 
270 299 300 
270 300 241 
241 300 271 
271 301 272 
272 301 302 
272 302 273 
273 302 303 
273 303 274 
274 303 304 
274 304 275 
275 304 305 
275 305 276 
276 305 306 
276 306 277 
277 306 307 
277 307 278 
278 307 308 
278 308 279 
279 308 309 
279 309 280 
280 309 310 
280 310 281 
281 310 311 
281 311 282 
282 311 312 
282 312 283 
283 312 313 
283 313 284 
284 313 314 
284 314 285 
285 314 315 
285 315 286 
286 315 316 
286 316 287 
287 316 317 
287 317 288 
288 317 318 
288 318 289 
289 318 319 
289 319 290 
290 319 320 
290 320 291 
291 320 321 
291 321 292 
292 321 322 
292 322 293 
293 322 323 
293 323 294 
294 323 324 
294 324 295 
295 324 325 
295 325 296 
296 325 326 
296 326 297 
297 326 327 
297 327 298 
298 327 328 
298 328 299 
299 328 329 
299 329 300 
300 329 330 
300 330 271 
271 330 301 
301 331 302 
302 331 332 
302 332 303 
303 332 333 
303 333 304 
304 333 334 
304 334 305 
305 334 335 
305 335 306 
306 335 336 
306 336 307 
307 336 337 
307 337 308 
308 337 338 
308 338 309 
309 338 339 
309 339 310 
310 339 340 
310 340 311 
311 340 341 
311 341 312 
312 341 342 
312 342 313 
313 342 343 
313 343 314 
314 343 344 
314 344 315 
315 344 345 
315 345 316 
316 345 346 
316 346 317 
317 346 347 
317 347 318 
318 347 348 
318 348 319 
319 348 349 
319 349 320 
320 349 350 
320 350 321 
321 350 351 
321 351 322 
322 351 352 
322 352 323 
323 352 353 
323 353 324 
324 353 354 
324 354 325 
325 354 355 
325 355 326 
326 355 356 
326 356 327 
327 356 357 
327 357 328 
328 357 358 
328 358 329 
329 358 359 
329 359 330 
330 359 360 
330 360 301 
301 360 331 
331 361 332 
332 361 362 
332 362 333 
333 362 363 
333 363 334 
334 363 364 
334 364 335 
335 364 365 
335 365 336 
336 365 366 
336 366 337 
337 366 367 
337 367 338 
338 367 368 
338 368 339 
339 368 369 
339 369 340 
340 369 370 
340 370 341 
341 370 371 
341 371 342 
342 371 372 
342 372 343 
343 372 373 
343 373 344 
344 373 374 
344 374 345 
345 374 375 
345 375 346 
346 375 376 
346 376 347 
347 376 377 
347 377 348 
348 377 378 
348 378 349 
349 378 379 
349 379 350 
350 379 380 
350 380 351 
351 380 381 
351 381 352 
352 381 382 
352 382 353 
353 382 383 
353 383 354 
354 383 384 
354 384 355 
355 384 385 
355 385 356 
356 385 386 
356 386 357 
357 386 387 
357 387 358 
358 387 388 
358 388 359 
359 388 389 
359 389 360 
360 389 390 
360 390 331 
331 390 361 
361 391 362 
362 391 392 
362 392 363 
363 392 393 
363 393 364 
364 393 394 
364 394 365 
365 394 395 
365 395 366 
366 395 396 
366 396 367 
367 396 397 
367 397 368 
368 397 398 
368 398 369 
369 398 399 
369 399 370 
370 399 400 
370 400 371 
371 400 401 
371 401 372 
372 401 402 
372 402 373 
373 402 403 
373 403 374 
374 403 404 
374 404 375 
375 404 405 
375 405 376 
376 405 406 
376 406 377 
377 406 407 
377 407 378 
378 407 408 
378 408 379 
379 408 409 
379 409 380 
380 409 410 
380 410 381 
381 410 411 
381 411 382 
382 411 412 
382 412 383 
383 412 413 
383 413 384 
384 413 414 
384 414 385 
385 414 415 
385 415 386 
386 415 416 
386 416 387 
387 416 417 
387 417 388 
388 417 418 
388 418 389 
389 418 419 
389 419 390 
390 419 420 
390 420 361 
361 420 391 
391 421 392 
392 421 422 
392 422 393 
393 422 423 
393 423 394 
394 423 424 
394 424 395 
395 424 425 
395 425 396 
396 425 426 
396 426 397 
397 426 427 
397 427 398 
398 427 428 
398 428 399 
399 428 429 
399 429 400 
400 429 430 
400 430 401 
401 430 431 
401 431 402 
402 431 432 
402 432 403 
403 432 433 
403 433 404 
404 433 434 
404 434 405 
405 434 435 
405 435 406 
406 435 436 
406 436 407 
407 436 437 
407 437 408 
408 437 438 
408 438 409 
409 438 439 
409 439 410 
410 439 440 
410 440 411 
411 440 441 
411 441 412 
412 441 442 
412 442 413 
413 442 443 
413 443 414 
414 443 444 
414 444 415 
415 444 445 
415 445 416 
416 445 446 
416 446 417 
417 446 447 
417 447 418 
418 447 448 
418 448 419 
419 448 449 
419 449 420 
420 449 450 
420 450 391 
391 450 421 
421 451 422 
451 451 422 
422 451 423 
451 451 423 
423 451 424 
451 451 424 
424 451 425 
451 451 425 
425 451 426 
451 451 426 
426 451 427 
451 451 427 
427 451 428 
451 451 428 
428 451 429 
451 451 429 
429 451 430 
451 451 430 
430 451 431 
451 451 431 
431 451 432 
451 451 432 
432 451 433 
451 451 433 
433 451 434 
451 451 434 
434 451 435 
451 451 435 
435 451 436 
451 451 436 
436 451 437 
451 451 437 
437 451 438 
451 451 438 
438 451 439 
451 451 439 
439 451 440 
451 451 440 
440 451 441 
451 451 441 
441 451 442 
451 451 442 
442 451 443 
451 451 443 
443 451 444 
451 451 444 
444 451 445 
451 451 445 
445 451 446 
451 451 446 
446 451 447 
451 451 447 
447 451 448 
451 451 448 
448 451 449 
451 451 449 
449 451 450 
451 451 450 
450 451 421 
451 451 421 
tex_vertices
0    0    
0,0333333333333333 0    
0,0666666666666667 0    
0,1  0    
0,133333333333333 0    
0,166666666666667 0    
0,2  0    
0,233333333333333 0    
0,266666666666667 0    
0,3  0    
0,333333333333333 0    
0,366666666666667 0    
0,4  0    
0,433333333333333 0    
0,466666666666667 0    
0,5  0    
0,533333333333333 0    
0,566666666666667 0    
0,6  0    
0,633333333333333 0    
0,666666666666667 0    
0,7  0    
0,733333333333333 0    
0,766666666666667 0    
0,8  0    
0,833333333333333 0    
0,866666666666667 0    
0,9  0    
0,933333333333333 0    
0,966666666666667 0    
1    0    
0    0,0666666666666667 
0,0333333333333333 0,0666666666666667 
0,0666666666666667 0,0666666666666667 
0,1  0,0666666666666667 
0,133333333333333 0,0666666666666667 
0,166666666666667 0,0666666666666667 
0,2  0,0666666666666667 
0,233333333333333 0,0666666666666667 
0,266666666666667 0,0666666666666667 
0,3  0,0666666666666667 
0,333333333333333 0,0666666666666667 
0,366666666666667 0,0666666666666667 
0,4  0,0666666666666667 
0,433333333333333 0,0666666666666667 
0,466666666666667 0,0666666666666667 
0,5  0,0666666666666667 
0,533333333333333 0,0666666666666667 
0,566666666666667 0,0666666666666667 
0,6  0,0666666666666667 
0,633333333333333 0,0666666666666667 
0,666666666666667 0,0666666666666667 
0,7  0,0666666666666667 
0,733333333333333 0,0666666666666667 
0,766666666666667 0,0666666666666667 
0,8  0,0666666666666667 
0,833333333333333 0,0666666666666667 
0,866666666666667 0,0666666666666667 
0,9  0,0666666666666667 
0,933333333333333 0,0666666666666667 
0,966666666666667 0,0666666666666667 
1    0,0666666666666667 
0    0,133333333333333 
0,0333333333333333 0,133333333333333 
0,0666666666666667 0,133333333333333 
0,1  0,133333333333333 
0,133333333333333 0,133333333333333 
0,166666666666667 0,133333333333333 
0,2  0,133333333333333 
0,233333333333333 0,133333333333333 
0,266666666666667 0,133333333333333 
0,3  0,133333333333333 
0,333333333333333 0,133333333333333 
0,366666666666667 0,133333333333333 
0,4  0,133333333333333 
0,433333333333333 0,133333333333333 
0,466666666666667 0,133333333333333 
0,5  0,133333333333333 
0,533333333333333 0,133333333333333 
0,566666666666667 0,133333333333333 
0,6  0,133333333333333 
0,633333333333333 0,133333333333333 
0,666666666666667 0,133333333333333 
0,7  0,133333333333333 
0,733333333333333 0,133333333333333 
0,766666666666667 0,133333333333333 
0,8  0,133333333333333 
0,833333333333333 0,133333333333333 
0,866666666666667 0,133333333333333 
0,9  0,133333333333333 
0,933333333333333 0,133333333333333 
0,966666666666667 0,133333333333333 
1    0,133333333333333 
0    0,2  
0,0333333333333333 0,2  
0,0666666666666667 0,2  
0,1  0,2  
0,133333333333333 0,2  
0,166666666666667 0,2  
0,2  0,2  
0,233333333333333 0,2  
0,266666666666667 0,2  
0,3  0,2  
0,333333333333333 0,2  
0,366666666666667 0,2  
0,4  0,2  
0,433333333333333 0,2  
0,466666666666667 0,2  
0,5  0,2  
0,533333333333333 0,2  
0,566666666666667 0,2  
0,6  0,2  
0,633333333333333 0,2  
0,666666666666667 0,2  
0,7  0,2  
0,733333333333333 0,2  
0,766666666666667 0,2  
0,8  0,2  
0,833333333333333 0,2  
0,866666666666667 0,2  
0,9  0,2  
0,933333333333333 0,2  
0,966666666666667 0,2  
1    0,2  
0    0,266666666666667 
0,0333333333333333 0,266666666666667 
0,0666666666666667 0,266666666666667 
0,1  0,266666666666667 
0,133333333333333 0,266666666666667 
0,166666666666667 0,266666666666667 
0,2  0,266666666666667 
0,233333333333333 0,266666666666667 
0,266666666666667 0,266666666666667 
0,3  0,266666666666667 
0,333333333333333 0,266666666666667 
0,366666666666667 0,266666666666667 
0,4  0,266666666666667 
0,433333333333333 0,266666666666667 
0,466666666666667 0,266666666666667 
0,5  0,266666666666667 
0,533333333333333 0,266666666666667 
0,566666666666667 0,266666666666667 
0,6  0,266666666666667 
0,633333333333333 0,266666666666667 
0,666666666666667 0,266666666666667 
0,7  0,266666666666667 
0,733333333333333 0,266666666666667 
0,766666666666667 0,266666666666667 
0,8  0,266666666666667 
0,833333333333333 0,266666666666667 
0,866666666666667 0,266666666666667 
0,9  0,266666666666667 
0,933333333333333 0,266666666666667 
0,966666666666667 0,266666666666667 
1    0,266666666666667 
0    0,333333333333333 
0,0333333333333333 0,333333333333333 
0,0666666666666667 0,333333333333333 
0,1  0,333333333333333 
0,133333333333333 0,333333333333333 
0,166666666666667 0,333333333333333 
0,2  0,333333333333333 
0,233333333333333 0,333333333333333 
0,266666666666667 0,333333333333333 
0,3  0,333333333333333 
0,333333333333333 0,333333333333333 
0,366666666666667 0,333333333333333 
0,4  0,333333333333333 
0,433333333333333 0,333333333333333 
0,466666666666667 0,333333333333333 
0,5  0,333333333333333 
0,533333333333333 0,333333333333333 
0,566666666666667 0,333333333333333 
0,6  0,333333333333333 
0,633333333333333 0,333333333333333 
0,666666666666667 0,333333333333333 
0,7  0,333333333333333 
0,733333333333333 0,333333333333333 
0,766666666666667 0,333333333333333 
0,8  0,333333333333333 
0,833333333333333 0,333333333333333 
0,866666666666667 0,333333333333333 
0,9  0,333333333333333 
0,933333333333333 0,333333333333333 
0,966666666666667 0,333333333333333 
1    0,333333333333333 
0    0,4  
0,0333333333333333 0,4  
0,0666666666666667 0,4  
0,1  0,4  
0,133333333333333 0,4  
0,166666666666667 0,4  
0,2  0,4  
0,233333333333333 0,4  
0,266666666666667 0,4  
0,3  0,4  
0,333333333333333 0,4  
0,366666666666667 0,4  
0,4  0,4  
0,433333333333333 0,4  
0,466666666666667 0,4  
0,5  0,4  
0,533333333333333 0,4  
0,566666666666667 0,4  
0,6  0,4  
0,633333333333333 0,4  
0,666666666666667 0,4  
0,7  0,4  
0,733333333333333 0,4  
0,766666666666667 0,4  
0,8  0,4  
0,833333333333333 0,4  
0,866666666666667 0,4  
0,9  0,4  
0,933333333333333 0,4  
0,966666666666667 0,4  
1    0,4  
0    0,466666666666667 
0,0333333333333333 0,466666666666667 
0,0666666666666667 0,466666666666667 
0,1  0,466666666666667 
0,133333333333333 0,466666666666667 
0,166666666666667 0,466666666666667 
0,2  0,466666666666667 
0,233333333333333 0,466666666666667 
0,266666666666667 0,466666666666667 
0,3  0,466666666666667 
0,333333333333333 0,466666666666667 
0,366666666666667 0,466666666666667 
0,4  0,466666666666667 
0,433333333333333 0,466666666666667 
0,466666666666667 0,466666666666667 
0,5  0,466666666666667 
0,533333333333333 0,466666666666667 
0,566666666666667 0,466666666666667 
0,6  0,466666666666667 
0,633333333333333 0,466666666666667 
0,666666666666667 0,466666666666667 
0,7  0,466666666666667 
0,733333333333333 0,466666666666667 
0,766666666666667 0,466666666666667 
0,8  0,466666666666667 
0,833333333333333 0,466666666666667 
0,866666666666667 0,466666666666667 
0,9  0,466666666666667 
0,933333333333333 0,466666666666667 
0,966666666666667 0,466666666666667 
1    0,466666666666667 
0    0,533333333333333 
0,0333333333333333 0,533333333333333 
0,0666666666666667 0,533333333333333 
0,1  0,533333333333333 
0,133333333333333 0,533333333333333 
0,166666666666667 0,533333333333333 
0,2  0,533333333333333 
0,233333333333333 0,533333333333333 
0,266666666666667 0,533333333333333 
0,3  0,533333333333333 
0,333333333333333 0,533333333333333 
0,366666666666667 0,533333333333333 
0,4  0,533333333333333 
0,433333333333333 0,533333333333333 
0,466666666666667 0,533333333333333 
0,5  0,533333333333333 
0,533333333333333 0,533333333333333 
0,566666666666667 0,533333333333333 
0,6  0,533333333333333 
0,633333333333333 0,533333333333333 
0,666666666666667 0,533333333333333 
0,7  0,533333333333333 
0,733333333333333 0,533333333333333 
0,766666666666667 0,533333333333333 
0,8  0,533333333333333 
0,833333333333333 0,533333333333333 
0,866666666666667 0,533333333333333 
0,9  0,533333333333333 
0,933333333333333 0,533333333333333 
0,966666666666667 0,533333333333333 
1    0,533333333333333 
0    0,6  
0,0333333333333333 0,6  
0,0666666666666667 0,6  
0,1  0,6  
0,133333333333333 0,6  
0,166666666666667 0,6  
0,2  0,6  
0,233333333333333 0,6  
0,266666666666667 0,6  
0,3  0,6  
0,333333333333333 0,6  
0,366666666666667 0,6  
0,4  0,6  
0,433333333333333 0,6  
0,466666666666667 0,6  
0,5  0,6  
0,533333333333333 0,6  
0,566666666666667 0,6  
0,6  0,6  
0,633333333333333 0,6  
0,666666666666667 0,6  
0,7  0,6  
0,733333333333333 0,6  
0,766666666666667 0,6  
0,8  0,6  
0,833333333333333 0,6  
0,866666666666667 0,6  
0,9  0,6  
0,933333333333333 0,6  
0,966666666666667 0,6  
1    0,6  
0    0,666666666666667 
0,0333333333333333 0,666666666666667 
0,0666666666666667 0,666666666666667 
0,1  0,666666666666667 
0,133333333333333 0,666666666666667 
0,166666666666667 0,666666666666667 
0,2  0,666666666666667 
0,233333333333333 0,666666666666667 
0,266666666666667 0,666666666666667 
0,3  0,666666666666667 
0,333333333333333 0,666666666666667 
0,366666666666667 0,666666666666667 
0,4  0,666666666666667 
0,433333333333333 0,666666666666667 
0,466666666666667 0,666666666666667 
0,5  0,666666666666667 
0,533333333333333 0,666666666666667 
0,566666666666667 0,666666666666667 
0,6  0,666666666666667 
0,633333333333333 0,666666666666667 
0,666666666666667 0,666666666666667 
0,7  0,666666666666667 
0,733333333333333 0,666666666666667 
0,766666666666667 0,666666666666667 
0,8  0,666666666666667 
0,833333333333333 0,666666666666667 
0,866666666666667 0,666666666666667 
0,9  0,666666666666667 
0,933333333333333 0,666666666666667 
0,966666666666667 0,666666666666667 
1    0,666666666666667 
0    0,733333333333333 
0,0333333333333333 0,733333333333333 
0,0666666666666667 0,733333333333333 
0,1  0,733333333333333 
0,133333333333333 0,733333333333333 
0,166666666666667 0,733333333333333 
0,2  0,733333333333333 
0,233333333333333 0,733333333333333 
0,266666666666667 0,733333333333333 
0,3  0,733333333333333 
0,333333333333333 0,733333333333333 
0,366666666666667 0,733333333333333 
0,4  0,733333333333333 
0,433333333333333 0,733333333333333 
0,466666666666667 0,733333333333333 
0,5  0,733333333333333 
0,533333333333333 0,733333333333333 
0,566666666666667 0,733333333333333 
0,6  0,733333333333333 
0,633333333333333 0,733333333333333 
0,666666666666667 0,733333333333333 
0,7  0,733333333333333 
0,733333333333333 0,733333333333333 
0,766666666666667 0,733333333333333 
0,8  0,733333333333333 
0,833333333333333 0,733333333333333 
0,866666666666667 0,733333333333333 
0,9  0,733333333333333 
0,933333333333333 0,733333333333333 
0,966666666666667 0,733333333333333 
1    0,733333333333333 
0    0,8  
0,0333333333333333 0,8  
0,0666666666666667 0,8  
0,1  0,8  
0,133333333333333 0,8  
0,166666666666667 0,8  
0,2  0,8  
0,233333333333333 0,8  
0,266666666666667 0,8  
0,3  0,8  
0,333333333333333 0,8  
0,366666666666667 0,8  
0,4  0,8  
0,433333333333333 0,8  
0,466666666666667 0,8  
0,5  0,8  
0,533333333333333 0,8  
0,566666666666667 0,8  
0,6  0,8  
0,633333333333333 0,8  
0,666666666666667 0,8  
0,7  0,8  
0,733333333333333 0,8  
0,766666666666667 0,8  
0,8  0,8  
0,833333333333333 0,8  
0,866666666666667 0,8  
0,9  0,8  
0,933333333333333 0,8  
0,966666666666667 0,8  
1    0,8  
0    0,866666666666667 
0,0333333333333333 0,866666666666667 
0,0666666666666667 0,866666666666667 
0,1  0,866666666666667 
0,133333333333333 0,866666666666667 
0,166666666666667 0,866666666666667 
0,2  0,866666666666667 
0,233333333333333 0,866666666666667 
0,266666666666667 0,866666666666667 
0,3  0,866666666666667 
0,333333333333333 0,866666666666667 
0,366666666666667 0,866666666666667 
0,4  0,866666666666667 
0,433333333333333 0,866666666666667 
0,466666666666667 0,866666666666667 
0,5  0,866666666666667 
0,533333333333333 0,866666666666667 
0,566666666666667 0,866666666666667 
0,6  0,866666666666667 
0,633333333333333 0,866666666666667 
0,666666666666667 0,866666666666667 
0,7  0,866666666666667 
0,733333333333333 0,866666666666667 
0,766666666666667 0,866666666666667 
0,8  0,866666666666667 
0,833333333333333 0,866666666666667 
0,866666666666667 0,866666666666667 
0,9  0,866666666666667 
0,933333333333333 0,866666666666667 
0,966666666666667 0,866666666666667 
1    0,866666666666667 
0    0,933333333333333 
0,0333333333333333 0,933333333333333 
0,0666666666666667 0,933333333333333 
0,1  0,933333333333333 
0,133333333333333 0,933333333333333 
0,166666666666667 0,933333333333333 
0,2  0,933333333333333 
0,233333333333333 0,933333333333333 
0,266666666666667 0,933333333333333 
0,3  0,933333333333333 
0,333333333333333 0,933333333333333 
0,366666666666667 0,933333333333333 
0,4  0,933333333333333 
0,433333333333333 0,933333333333333 
0,466666666666667 0,933333333333333 
0,5  0,933333333333333 
0,533333333333333 0,933333333333333 
0,566666666666667 0,933333333333333 
0,6  0,933333333333333 
0,633333333333333 0,933333333333333 
0,666666666666667 0,933333333333333 
0,7  0,933333333333333 
0,733333333333333 0,933333333333333 
0,766666666666667 0,933333333333333 
0,8  0,933333333333333 
0,833333333333333 0,933333333333333 
0,866666666666667 0,933333333333333 
0,9  0,933333333333333 
0,933333333333333 0,933333333333333 
0,966666666666667 0,933333333333333 
1    0,933333333333333 
0    1    
0,0333333333333333 1    
0,0666666666666667 1    
0,1  1    
0,133333333333333 1    
0,166666666666667 1    
0,2  1    
0,233333333333333 1    
0,266666666666667 1    
0,3  1    
0,333333333333333 1    
0,366666666666667 1    
0,4  1    
0,433333333333333 1    
0,466666666666667 1    
0,5  1    
0,533333333333333 1    
0,566666666666667 1    
0,6  1    
0,633333333333333 1    
0,666666666666667 1    
0,7  1    
0,733333333333333 1    
0,766666666666667 1    
0,8  1    
0,833333333333333 1    
0,866666666666667 1    
0,9  1    
0,933333333333333 1    
0,966666666666667 1    
1    1    
tex_faces
1 32 2 
2 32 33 
2 33 3 
3 33 34 
3 34 4 
4 34 35 
4 35 5 
5 35 36 
5 36 6 
6 36 37 
6 37 7 
7 37 38 
7 38 8 
8 38 39 
8 39 9 
9 39 40 
9 40 10 
10 40 41 
10 41 11 
11 41 42 
11 42 12 
12 42 43 
12 43 13 
13 43 44 
13 44 14 
14 44 45 
14 45 15 
15 45 46 
15 46 16 
16 46 47 
16 47 17 
17 47 48 
17 48 18 
18 48 49 
18 49 19 
19 49 50 
19 50 20 
20 50 51 
20 51 21 
21 51 52 
21 52 22 
22 52 53 
22 53 23 
23 53 54 
23 54 24 
24 54 55 
24 55 25 
25 55 56 
25 56 26 
26 56 57 
26 57 27 
27 57 58 
27 58 28 
28 58 59 
28 59 29 
29 59 60 
29 60 30 
30 60 61 
30 61 31 
31 61 62 
32 63 33 
33 63 64 
33 64 34 
34 64 65 
34 65 35 
35 65 66 
35 66 36 
36 66 67 
36 67 37 
37 67 68 
37 68 38 
38 68 69 
38 69 39 
39 69 70 
39 70 40 
40 70 71 
40 71 41 
41 71 72 
41 72 42 
42 72 73 
42 73 43 
43 73 74 
43 74 44 
44 74 75 
44 75 45 
45 75 76 
45 76 46 
46 76 77 
46 77 47 
47 77 78 
47 78 48 
48 78 79 
48 79 49 
49 79 80 
49 80 50 
50 80 81 
50 81 51 
51 81 82 
51 82 52 
52 82 83 
52 83 53 
53 83 84 
53 84 54 
54 84 85 
54 85 55 
55 85 86 
55 86 56 
56 86 87 
56 87 57 
57 87 88 
57 88 58 
58 88 89 
58 89 59 
59 89 90 
59 90 60 
60 90 91 
60 91 61 
61 91 92 
61 92 62 
62 92 93 
63 94 64 
64 94 95 
64 95 65 
65 95 96 
65 96 66 
66 96 97 
66 97 67 
67 97 98 
67 98 68 
68 98 99 
68 99 69 
69 99 100 
69 100 70 
70 100 101 
70 101 71 
71 101 102 
71 102 72 
72 102 103 
72 103 73 
73 103 104 
73 104 74 
74 104 105 
74 105 75 
75 105 106 
75 106 76 
76 106 107 
76 107 77 
77 107 108 
77 108 78 
78 108 109 
78 109 79 
79 109 110 
79 110 80 
80 110 111 
80 111 81 
81 111 112 
81 112 82 
82 112 113 
82 113 83 
83 113 114 
83 114 84 
84 114 115 
84 115 85 
85 115 116 
85 116 86 
86 116 117 
86 117 87 
87 117 118 
87 118 88 
88 118 119 
88 119 89 
89 119 120 
89 120 90 
90 120 121 
90 121 91 
91 121 122 
91 122 92 
92 122 123 
92 123 93 
93 123 124 
94 125 95 
95 125 126 
95 126 96 
96 126 127 
96 127 97 
97 127 128 
97 128 98 
98 128 129 
98 129 99 
99 129 130 
99 130 100 
100 130 131 
100 131 101 
101 131 132 
101 132 102 
102 132 133 
102 133 103 
103 133 134 
103 134 104 
104 134 135 
104 135 105 
105 135 136 
105 136 106 
106 136 137 
106 137 107 
107 137 138 
107 138 108 
108 138 139 
108 139 109 
109 139 140 
109 140 110 
110 140 141 
110 141 111 
111 141 142 
111 142 112 
112 142 143 
112 143 113 
113 143 144 
113 144 114 
114 144 145 
114 145 115 
115 145 146 
115 146 116 
116 146 147 
116 147 117 
117 147 148 
117 148 118 
118 148 149 
118 149 119 
119 149 150 
119 150 120 
120 150 151 
120 151 121 
121 151 152 
121 152 122 
122 152 153 
122 153 123 
123 153 154 
123 154 124 
124 154 155 
125 156 126 
126 156 157 
126 157 127 
127 157 158 
127 158 128 
128 158 159 
128 159 129 
129 159 160 
129 160 130 
130 160 161 
130 161 131 
131 161 162 
131 162 132 
132 162 163 
132 163 133 
133 163 164 
133 164 134 
134 164 165 
134 165 135 
135 165 166 
135 166 136 
136 166 167 
136 167 137 
137 167 168 
137 168 138 
138 168 169 
138 169 139 
139 169 170 
139 170 140 
140 170 171 
140 171 141 
141 171 172 
141 172 142 
142 172 173 
142 173 143 
143 173 174 
143 174 144 
144 174 175 
144 175 145 
145 175 176 
145 176 146 
146 176 177 
146 177 147 
147 177 178 
147 178 148 
148 178 179 
148 179 149 
149 179 180 
149 180 150 
150 180 181 
150 181 151 
151 181 182 
151 182 152 
152 182 183 
152 183 153 
153 183 184 
153 184 154 
154 184 185 
154 185 155 
155 185 186 
156 187 157 
157 187 188 
157 188 158 
158 188 189 
158 189 159 
159 189 190 
159 190 160 
160 190 191 
160 191 161 
161 191 192 
161 192 162 
162 192 193 
162 193 163 
163 193 194 
163 194 164 
164 194 195 
164 195 165 
165 195 196 
165 196 166 
166 196 197 
166 197 167 
167 197 198 
167 198 168 
168 198 199 
168 199 169 
169 199 200 
169 200 170 
170 200 201 
170 201 171 
171 201 202 
171 202 172 
172 202 203 
172 203 173 
173 203 204 
173 204 174 
174 204 205 
174 205 175 
175 205 206 
175 206 176 
176 206 207 
176 207 177 
177 207 208 
177 208 178 
178 208 209 
178 209 179 
179 209 210 
179 210 180 
180 210 211 
180 211 181 
181 211 212 
181 212 182 
182 212 213 
182 213 183 
183 213 214 
183 214 184 
184 214 215 
184 215 185 
185 215 216 
185 216 186 
186 216 217 
187 218 188 
188 218 219 
188 219 189 
189 219 220 
189 220 190 
190 220 221 
190 221 191 
191 221 222 
191 222 192 
192 222 223 
192 223 193 
193 223 224 
193 224 194 
194 224 225 
194 225 195 
195 225 226 
195 226 196 
196 226 227 
196 227 197 
197 227 228 
197 228 198 
198 228 229 
198 229 199 
199 229 230 
199 230 200 
200 230 231 
200 231 201 
201 231 232 
201 232 202 
202 232 233 
202 233 203 
203 233 234 
203 234 204 
204 234 235 
204 235 205 
205 235 236 
205 236 206 
206 236 237 
206 237 207 
207 237 238 
207 238 208 
208 238 239 
208 239 209 
209 239 240 
209 240 210 
210 240 241 
210 241 211 
211 241 242 
211 242 212 
212 242 243 
212 243 213 
213 243 244 
213 244 214 
214 244 245 
214 245 215 
215 245 246 
215 246 216 
216 246 247 
216 247 217 
217 247 248 
218 249 219 
219 249 250 
219 250 220 
220 250 251 
220 251 221 
221 251 252 
221 252 222 
222 252 253 
222 253 223 
223 253 254 
223 254 224 
224 254 255 
224 255 225 
225 255 256 
225 256 226 
226 256 257 
226 257 227 
227 257 258 
227 258 228 
228 258 259 
228 259 229 
229 259 260 
229 260 230 
230 260 261 
230 261 231 
231 261 262 
231 262 232 
232 262 263 
232 263 233 
233 263 264 
233 264 234 
234 264 265 
234 265 235 
235 265 266 
235 266 236 
236 266 267 
236 267 237 
237 267 268 
237 268 238 
238 268 269 
238 269 239 
239 269 270 
239 270 240 
240 270 271 
240 271 241 
241 271 272 
241 272 242 
242 272 273 
242 273 243 
243 273 274 
243 274 244 
244 274 275 
244 275 245 
245 275 276 
245 276 246 
246 276 277 
246 277 247 
247 277 278 
247 278 248 
248 278 279 
249 280 250 
250 280 281 
250 281 251 
251 281 282 
251 282 252 
252 282 283 
252 283 253 
253 283 284 
253 284 254 
254 284 285 
254 285 255 
255 285 286 
255 286 256 
256 286 287 
256 287 257 
257 287 288 
257 288 258 
258 288 289 
258 289 259 
259 289 290 
259 290 260 
260 290 291 
260 291 261 
261 291 292 
261 292 262 
262 292 293 
262 293 263 
263 293 294 
263 294 264 
264 294 295 
264 295 265 
265 295 296 
265 296 266 
266 296 297 
266 297 267 
267 297 298 
267 298 268 
268 298 299 
268 299 269 
269 299 300 
269 300 270 
270 300 301 
270 301 271 
271 301 302 
271 302 272 
272 302 303 
272 303 273 
273 303 304 
273 304 274 
274 304 305 
274 305 275 
275 305 306 
275 306 276 
276 306 307 
276 307 277 
277 307 308 
277 308 278 
278 308 309 
278 309 279 
279 309 310 
280 311 281 
281 311 312 
281 312 282 
282 312 313 
282 313 283 
283 313 314 
283 314 284 
284 314 315 
284 315 285 
285 315 316 
285 316 286 
286 316 317 
286 317 287 
287 317 318 
287 318 288 
288 318 319 
288 319 289 
289 319 320 
289 320 290 
290 320 321 
290 321 291 
291 321 322 
291 322 292 
292 322 323 
292 323 293 
293 323 324 
293 324 294 
294 324 325 
294 325 295 
295 325 326 
295 326 296 
296 326 327 
296 327 297 
297 327 328 
297 328 298 
298 328 329 
298 329 299 
299 329 330 
299 330 300 
300 330 331 
300 331 301 
301 331 332 
301 332 302 
302 332 333 
302 333 303 
303 333 334 
303 334 304 
304 334 335 
304 335 305 
305 335 336 
305 336 306 
306 336 337 
306 337 307 
307 337 338 
307 338 308 
308 338 339 
308 339 309 
309 339 340 
309 340 310 
310 340 341 
311 342 312 
312 342 343 
312 343 313 
313 343 344 
313 344 314 
314 344 345 
314 345 315 
315 345 346 
315 346 316 
316 346 347 
316 347 317 
317 347 348 
317 348 318 
318 348 349 
318 349 319 
319 349 350 
319 350 320 
320 350 351 
320 351 321 
321 351 352 
321 352 322 
322 352 353 
322 353 323 
323 353 354 
323 354 324 
324 354 355 
324 355 325 
325 355 356 
325 356 326 
326 356 357 
326 357 327 
327 357 358 
327 358 328 
328 358 359 
328 359 329 
329 359 360 
329 360 330 
330 360 361 
330 361 331 
331 361 362 
331 362 332 
332 362 363 
332 363 333 
333 363 364 
333 364 334 
334 364 365 
334 365 335 
335 365 366 
335 366 336 
336 366 367 
336 367 337 
337 367 368 
337 368 338 
338 368 369 
338 369 339 
339 369 370 
339 370 340 
340 370 371 
340 371 341 
341 371 372 
342 373 343 
343 373 374 
343 374 344 
344 374 375 
344 375 345 
345 375 376 
345 376 346 
346 376 377 
346 377 347 
347 377 378 
347 378 348 
348 378 379 
348 379 349 
349 379 380 
349 380 350 
350 380 381 
350 381 351 
351 381 382 
351 382 352 
352 382 383 
352 383 353 
353 383 384 
353 384 354 
354 384 385 
354 385 355 
355 385 386 
355 386 356 
356 386 387 
356 387 357 
357 387 388 
357 388 358 
358 388 389 
358 389 359 
359 389 390 
359 390 360 
360 390 391 
360 391 361 
361 391 392 
361 392 362 
362 392 393 
362 393 363 
363 393 394 
363 394 364 
364 394 395 
364 395 365 
365 395 396 
365 396 366 
366 396 397 
366 397 367 
367 397 398 
367 398 368 
368 398 399 
368 399 369 
369 399 400 
369 400 370 
370 400 401 
370 401 371 
371 401 402 
371 402 372 
372 402 403 
373 404 374 
374 404 405 
374 405 375 
375 405 406 
375 406 376 
376 406 407 
376 407 377 
377 407 408 
377 408 378 
378 408 409 
378 409 379 
379 409 410 
379 410 380 
380 410 411 
380 411 381 
381 411 412 
381 412 382 
382 412 413 
382 413 383 
383 413 414 
383 414 384 
384 414 415 
384 415 385 
385 415 416 
385 416 386 
386 416 417 
386 417 387 
387 417 418 
387 418 388 
388 418 419 
388 419 389 
389 419 420 
389 420 390 
390 420 421 
390 421 391 
391 421 422 
391 422 392 
392 422 423 
392 423 393 
393 423 424 
393 424 394 
394 424 425 
394 425 395 
395 425 426 
395 426 396 
396 426 427 
396 427 397 
397 427 428 
397 428 398 
398 428 429 
398 429 399 
399 429 430 
399 430 400 
400 430 431 
400 431 401 
401 431 432 
401 432 402 
402 432 433 
402 433 403 
403 433 434 
404 435 405 
405 435 436 
405 436 406 
406 436 437 
406 437 407 
407 437 438 
407 438 408 
408 438 439 
408 439 409 
409 439 440 
409 440 410 
410 440 441 
410 441 411 
411 441 442 
411 442 412 
412 442 443 
412 443 413 
413 443 444 
413 444 414 
414 444 445 
414 445 415 
415 445 446 
415 446 416 
416 446 447 
416 447 417 
417 447 448 
417 448 418 
418 448 449 
418 449 419 
419 449 450 
419 450 420 
420 450 451 
420 451 421 
421 451 452 
421 452 422 
422 452 453 
422 453 423 
423 453 454 
423 454 424 
424 454 455 
424 455 425 
425 455 456 
425 456 426 
426 456 457 
426 457 427 
427 457 458 
427 458 428 
428 458 459 
428 459 429 
429 459 460 
429 460 430 
430 460 461 
430 461 431 
431 461 462 
431 462 432 
432 462 463 
432 463 433 
433 463 464 
433 464 434 
434 464 465 
435 466 436 
467 466 436 
436 467 437 
468 467 437 
437 468 438 
469 468 438 
438 469 439 
470 469 439 
439 470 440 
471 470 440 
440 471 441 
472 471 441 
441 472 442 
473 472 442 
442 473 443 
474 473 443 
443 474 444 
475 474 444 
444 475 445 
476 475 445 
445 476 446 
477 476 446 
446 477 447 
478 477 447 
447 478 448 
479 478 448 
448 479 449 
480 479 449 
449 480 450 
481 480 450 
450 481 451 
482 481 451 
451 482 452 
483 482 452 
452 483 453 
484 483 453 
453 484 454 
485 484 454 
454 485 455 
486 485 455 
455 486 456 
487 486 456 
456 487 457 
488 487 457 
457 488 458 
489 488 458 
458 489 459 
490 489 459 
459 490 460 
491 490 460 
460 491 461 
492 491 461 
461 492 462 
493 492 462 
462 493 463 
494 493 463 
463 494 464 
495 494 464 
464 495 465 
496 495 465 
color
255 192 192 192 
texture
data\textures\garlic.jpg