vertices
-53,0698543135003 -28,8721830614122 -86,6103204497718 
-45,4462766367943 -93,9268215980381 16,2403240220845 
-103,518381807566 13,2929771560849 16,0810878447553 
-90,352580865525 -48,9725842886973 -24,2787380031416 
-30,8584552563368 -59,4445067487571 81,6423073938362 
43,193663053122 -45,8161095293423 84,7735311264587 
-19,5900722377293 101,609666966254 21,0491009006909 
66,7489900501323 -6,82097314821455 -81,5438940240082 
-74,3725677268383 71,8756116848404 -21,3067504478482 
-14,87844211765 61,4036892247807 84,6142949491296 
-43,193663053122 45,8161095293423 -84,7735311264587 
19,5900722377293 -101,609666966254 -21,0491009006909 
-66,7489900501323 6,82097314821455 81,5438940240082 
14,87844211765 -61,4036892247807 -84,6142949491296 
74,3725677268383 -71,8756116848404 21,3067504478482 
53,0698543135003 28,8721830614122 86,6103204497718 
45,4462766367943 93,9268215980381 -16,2403240220845 
103,518381807566 -13,2929771560849 -16,0810878447553 
30,8584552563368 59,4445067487571 -81,6423073938362 
90,352580865525 48,9725842886973 24,2787380031416 
faces
9 3 4 1 11 
14 1 4 2 12 
11 1 14 8 19 
5 2 4 3 13 
12 2 5 6 15 
13 3 9 7 10 
10 16 6 5 13 
18 15 6 16 20 
17 7 9 11 19 
20 16 10 7 17 
18 8 14 12 15 
20 17 19 8 18 
tex_vertices
0,5  1    
0,975528258147577 0,654508497187474 
0,793892626146237 0,0954915028125263 
0,206107373853763 0,0954915028125262 
0,0244717418524232 0,654508497187474 
tex_faces
5 4 3 2 1 
5 4 3 2 1 
5 4 3 2 1 
5 4 3 2 1 
5 4 3 2 1 
5 4 3 2 1 
5 4 3 2 1 
5 4 3 2 1 
5 4 3 2 1 
5 4 3 2 1 
5 4 3 2 1 
5 4 3 2 1 
color
255 128 0 128 
texture
data\textures\pentagram.jpg